FindParams:
                    blur_every: 4
                   blur_radius: 1.0
                         decay: 0.0001
                     lr_params: {'lr': 100.0}
                     lr_policy: constant
                      max_iter: 1000
                  push_channel: 1
                      push_dir: 1
                    push_layer: fc8-20
                  push_spatial: (0, 0)
                     push_unit: (1, 0, 0)
     px_abs_benefit_percentile: 0
         px_benefit_percentile: 0
                     rand_seed: 0
         small_norm_percentile: 0
          small_val_percentile: 0
                      start_at: mean_plus_rand


FindResults:
                       best_ii: 972
                      best_obj: 18.2117
                       best_xx: (3, 224, 224) array [15.7071755837, 15.7427190946, ...]
                          dist: [1.02043931465e-14, 2.43513990959, ..., 519.202176353, 520.772327254]
                        idxmax: [(12, 0, 0), (12, 0, 0), ..., (1, 0, 0), (1, 0, 0)]
                            ii: [0, 1, ..., 998, 999]
                         ismax: [False, False, ..., True, True]
                       last_ii: 999
                      last_obj: 18.019
                       last_xx: (3, 224, 224) array [15.6350567188, 15.6662599514, ...]
                   majority_ii: 31
                  majority_obj: 5.09743
                   majority_xx: (3, 224, 224) array [17.601412789, 17.6705479924, ...]
                   meta_result: Metaresult: majority success
                          norm: [20.5668045944, 4606.47166164, ..., 4154.78272839, 4154.50251252]
                           obj: [-2.04112, -2.0372, ..., 17.6505, 18.019]
                           std: [5.58935924311, 5.58871619953, ..., 5.04859346847, 5.04888499942]
                            x0: (3, 1, 1) array [17.6405234597, 4.00157208367, ...]

