FindParams:
                    blur_every: 4
                   blur_radius: 1.0
                         decay: 0.0001
                     lr_params: {'lr': 100.0}
                     lr_policy: constant
                      max_iter: 1000
                  push_channel: 14
                      push_dir: 1
                    push_layer: fc8-20
                  push_spatial: (0, 0)
                     push_unit: (14, 0, 0)
     px_abs_benefit_percentile: 0
         px_benefit_percentile: 0
                     rand_seed: 0
         small_norm_percentile: 0
          small_val_percentile: 0
                      start_at: mean_plus_rand


FindResults:
                       best_ii: 988
                      best_obj: 25.9053
                       best_xx: (3, 224, 224) array [15.6433010825, 15.6634032272, ...]
                          dist: [1.02043931465e-14, 1.65618169378, ..., 514.14384749, 516.356118702]
                        idxmax: [(12, 0, 0), (12, 0, 0), ..., (14, 0, 0), (14, 0, 0)]
                            ii: [0, 1, ..., 998, 999]
                         ismax: [False, False, ..., True, True]
                       last_ii: 999
                      last_obj: 25.5423
                       last_xx: (3, 224, 224) array [15.6255145558, 15.6436933592, ...]
                   majority_ii: 22
                  majority_obj: 6.76895
                   majority_xx: (3, 224, 224) array [17.5730282539, 17.5779052787, ...]
                   meta_result: Metaresult: majority success
                          norm: [20.5668045944, 4606.51233513, ..., 4169.21018659, 4169.01478354]
                           obj: [1.68486, 1.69873, ..., 24.6367, 25.5423]
                           std: [5.58935924311, 5.58877150462, ..., 5.05727296824, 5.05796501469]
                            x0: (3, 1, 1) array [17.6405234597, 4.00157208367, ...]

