FindParams:
                    blur_every: 4
                   blur_radius: 1.0
                         decay: 0.0001
                     lr_params: {'lr': 100.0}
                     lr_policy: constant
                      max_iter: 1000
                  push_channel: 9
                      push_dir: 1
                    push_layer: fc8-20
                  push_spatial: (0, 0)
                     push_unit: (9, 0, 0)
     px_abs_benefit_percentile: 0
         px_benefit_percentile: 0
                     rand_seed: 0
         small_norm_percentile: 0
          small_val_percentile: 0
                      start_at: mean_plus_rand


FindResults:
                       best_ii: 996
                      best_obj: 19.474
                       best_xx: (3, 224, 224) array [15.631325613, 15.6071611012, ...]
                          dist: [1.02043931465e-14, 1.62884576675, ..., 513.571045309, 515.650585625]
                        idxmax: [(12, 0, 0), (12, 0, 0), ..., (9, 0, 0), (9, 0, 0)]
                            ii: [0, 1, ..., 998, 999]
                         ismax: [False, False, ..., True, True]
                       last_ii: 999
                      last_obj: 18.9745
                       last_xx: (3, 224, 224) array [15.6127719999, 15.5973553198, ...]
                   majority_ii: 52
                  majority_obj: 9.04552
                   majority_xx: (3, 224, 224) array [17.5196600557, 17.5502715586, ...]
                   meta_result: Metaresult: majority success
                          norm: [20.5668045944, 4606.50544526, ..., 4179.34529641, 4179.14854468]
                           obj: [1.34425, 1.35638, ..., 18.4787, 18.9745]
                           std: [5.58935924311, 5.5887153038, ..., 5.05258948364, 5.05323686345]
                            x0: (3, 1, 1) array [17.6405234597, 4.00157208367, ...]

