FindParams:
                    blur_every: 4
                   blur_radius: 1.0
                         decay: 0.0001
                     lr_params: {'lr': 100.0}
                     lr_policy: constant
                      max_iter: 1000
                  push_channel: 5
                      push_dir: 1
                    push_layer: fc8-20
                  push_spatial: (0, 0)
                     push_unit: (5, 0, 0)
     px_abs_benefit_percentile: 0
         px_benefit_percentile: 0
                     rand_seed: 0
         small_norm_percentile: 0
          small_val_percentile: 0
                      start_at: mean_plus_rand


FindResults:
                       best_ii: 992
                      best_obj: 18.4197
                       best_xx: (3, 224, 224) array [15.3684050195, 15.3458716534, ...]
                          dist: [1.02043931465e-14, 3.19026105307, ..., 490.642828731, 491.891204265]
                        idxmax: [(12, 0, 0), (12, 0, 0), ..., (5, 0, 0), (5, 0, 0)]
                            ii: [0, 1, ..., 998, 999]
                         ismax: [False, False, ..., True, True]
                       last_ii: 999
                      last_obj: 18.1415
                       last_xx: (3, 224, 224) array [15.3585449561, 15.3352661504, ...]
                   majority_ii: 11
                  majority_obj: 5.64275
                   majority_xx: (3, 224, 224) array [17.737742363, 17.6978934991, ...]
                   meta_result: Metaresult: majority success
                          norm: [20.5668045944, 4606.53162568, ..., 4169.55573398, 4169.23657879]
                           obj: [2.47427, 2.47948, ..., 17.7594, 18.1415]
                           std: [5.58935924311, 5.58874480345, ..., 5.06286386791, 5.06290425899]
                            x0: (3, 1, 1) array [17.6405234597, 4.00157208367, ...]

