FindParams:
                    blur_every: 4
                   blur_radius: 1.0
                         decay: 0.0001
                     lr_params: {'lr': 100.0}
                     lr_policy: constant
                      max_iter: 1000
                  push_channel: 21
                      push_dir: 1
                    push_layer: fc8-20
                  push_spatial: (0, 0)
                     push_unit: (21, 0, 0)
     px_abs_benefit_percentile: 0
         px_benefit_percentile: 0
                     rand_seed: 0
         small_norm_percentile: 0
          small_val_percentile: 0
                      start_at: mean_plus_rand


FindResults:
                       best_ii: 972
                      best_obj: 26.8281
                       best_xx: (3, 224, 224) array [16.9281639084, 16.9094253539, ...]
                          dist: [1.02043931465e-14, 1.79389568315, ..., 527.784651111, 530.164633215]
                        idxmax: [(12, 0, 0), (12, 0, 0), ..., (21, 0, 0), (21, 0, 0)]
                            ii: [0, 1, ..., 998, 999]
                         ismax: [False, False, ..., True, True]
                       last_ii: 999
                      last_obj: 26.5025
                       last_xx: (3, 224, 224) array [16.8880657241, 16.8695876465, ...]
                   majority_ii: 28
                  majority_obj: 6.90605
                   majority_xx: (3, 224, 224) array [17.592312576, 17.5558751783, ...]
                   meta_result: Metaresult: majority success
                          norm: [20.5668045944, 4606.50113881, ..., 4182.40844722, 4182.25622588]
                           obj: [-2.65983, -2.65933, ..., 25.9158, 26.5025]
                           std: [5.58935924311, 5.58898838855, ..., 5.1797678876, 5.18072654183]
                            x0: (3, 1, 1) array [17.6405234597, 4.00157208367, ...]

