FindParams:
                    blur_every: 4
                   blur_radius: 1.0
                         decay: 0.0001
                     lr_params: {'lr': 100.0}
                     lr_policy: constant
                      max_iter: 1000
                  push_channel: 11
                      push_dir: 1
                    push_layer: fc8-20
                  push_spatial: (0, 0)
                     push_unit: (11, 0, 0)
     px_abs_benefit_percentile: 0
         px_benefit_percentile: 0
                     rand_seed: 0
         small_norm_percentile: 0
          small_val_percentile: 0
                      start_at: mean_plus_rand


FindResults:
                       best_ii: 976
                      best_obj: 17.7323
                       best_xx: (3, 224, 224) array [17.0239342273, 16.9945012357, ...]
                          dist: [1.02043931465e-14, 2.30200465845, ..., 516.535916287, 518.349752158]
                        idxmax: [(12, 0, 0), (12, 0, 0), ..., (11, 0, 0), (11, 0, 0)]
                            ii: [0, 1, ..., 998, 999]
                         ismax: [False, False, ..., True, True]
                       last_ii: 999
                      last_obj: 17.2767
                       last_xx: (3, 224, 224) array [17.0034733703, 16.981361629, ...]
                   majority_ii: 31
                  majority_obj: 5.19754
                   majority_xx: (3, 224, 224) array [17.6659984061, 17.6466111852, ...]
                   meta_result: Metaresult: majority success
                          norm: [20.5668045944, 4606.51171856, ..., 4176.43193918, 4176.19885436]
                           obj: [-0.714332, -0.718587, ..., 16.8129, 17.2767]
                           std: [5.58935924311, 5.58880405294, ..., 5.01702380258, 5.01746334126]
                            x0: (3, 1, 1) array [17.6405234597, 4.00157208367, ...]

