FindParams:
                    blur_every: 4
                   blur_radius: 0.5
                         decay: 0
                     lr_params: {'max_lr': 100.0, 'desired_prog': 2.0}
                     lr_policy: progress
                      max_iter: 500
                  push_channel: 20
                      push_dir: 1
                    push_layer: fc8-20
                  push_spatial: (0, 0)
                     push_unit: (20, 0, 0)
     px_abs_benefit_percentile: 0
         px_benefit_percentile: 0
                     rand_seed: 0
         small_norm_percentile: 50.0
          small_val_percentile: 0
                      start_at: mean_plus_rand


FindResults:
                       best_ii: 499
                      best_obj: 32.7334
                       best_xx: (3, 224, 224) array [0.0, 0.0, ...]
                          dist: [1.02043931465e-14, 3257.61640777, ..., 4348.61121229, 4348.45106211]
                        idxmax: [(12, 0, 0), (20, 0, 0), ..., (20, 0, 0), (20, 0, 0)]
                            ii: [0, 1, ..., 498, 499]
                         ismax: [False, True, ..., True, True]
                       last_ii: 499
                      last_obj: 32.7334
                       last_xx: (3, 224, 224) array [0.0, 0.0, ...]
                   majority_ii: 1
                  majority_obj: 9.08601
                   majority_xx: (3, 224, 224) array [17.6421257333, 0.0, ...]
                   meta_result: Metaresult: majority success
                          norm: [20.5668045944, 3258.66134558, ..., 520.885193438, 522.905827246]
                           obj: [-0.646908, 9.08601, ..., 32.403, 32.7334]
                           std: [5.58935924311, 6.56348400052, ..., 1.18023134917, 1.18563001496]
                            x0: (3, 1, 1) array [17.6405234597, 4.00157208367, ...]

