FindParams:
                    blur_every: 4
                   blur_radius: 0.5
                         decay: 0
                     lr_params: {'max_lr': 100.0, 'desired_prog': 2.0}
                     lr_policy: progress
                      max_iter: 500
                  push_channel: 18
                      push_dir: 1
                    push_layer: fc8-20
                  push_spatial: (0, 0)
                     push_unit: (18, 0, 0)
     px_abs_benefit_percentile: 0
         px_benefit_percentile: 0
                     rand_seed: 0
         small_norm_percentile: 50.0
          small_val_percentile: 0
                      start_at: mean_plus_rand


FindResults:
                       best_ii: 496
                      best_obj: 21.4617
                       best_xx: (3, 224, 224) array [0.0, 0.0, ...]
                          dist: [1.02043931465e-14, 3257.61599766, ..., 4366.52206182, 4366.3508463]
                        idxmax: [(12, 0, 0), (20, 0, 0), ..., (18, 0, 0), (18, 0, 0)]
                            ii: [0, 1, ..., 498, 499]
                         ismax: [False, False, ..., True, True]
                       last_ii: 499
                      last_obj: 21.2958
                       last_xx: (3, 224, 224) array [0.0, 0.0, ...]
                   majority_ii: 40
                  majority_obj: 5.12851
                   majority_xx: (3, 224, 224) array [0.0, 4.61365406801, ...]
                   meta_result: Metaresult: majority success
                          norm: [20.5668045944, 3258.298969, ..., 501.188107828, 503.349842108]
                           obj: [-1.66071, -4.46689, ..., 21.0459, 21.2958]
                           std: [5.58935924311, 6.56296193418, ..., 1.14399003417, 1.14971864459]
                            x0: (3, 1, 1) array [17.6405234597, 4.00157208367, ...]

