FindParams:
                    blur_every: 4
                   blur_radius: 0.5
                         decay: 0
                     lr_params: {'max_lr': 100.0, 'desired_prog': 2.0}
                     lr_policy: progress
                      max_iter: 500
                  push_channel: 22
                      push_dir: 1
                    push_layer: fc8-20
                  push_spatial: (0, 0)
                     push_unit: (22, 0, 0)
     px_abs_benefit_percentile: 0
         px_benefit_percentile: 0
                     rand_seed: 0
         small_norm_percentile: 50.0
          small_val_percentile: 0
                      start_at: mean_plus_rand


FindResults:
                       best_ii: 496
                      best_obj: 17.2812
                       best_xx: (3, 224, 224) array [0.0, 0.0, ...]
                          dist: [1.02043931465e-14, 3257.61578864, ..., 4378.94784197, 4378.73596301]
                        idxmax: [(12, 0, 0), (20, 0, 0), ..., (22, 0, 0), (22, 0, 0)]
                            ii: [0, 1, ..., 498, 499]
                         ismax: [False, False, ..., True, True]
                       last_ii: 499
                      last_obj: 17.1399
                       last_xx: (3, 224, 224) array [0.0, 0.0, ...]
                   majority_ii: 55
                  majority_obj: 9.77729
                   majority_xx: (3, 224, 224) array [4.21588412565, 4.61018557983, ...]
                   meta_result: Metaresult: majority success
                          norm: [20.5668045944, 3258.03873513, ..., 475.940483126, 477.491831611]
                           obj: [0.0754816, 2.2358, ..., 17.0277, 17.1399]
                           std: [5.58935924311, 6.56258603273, ..., 1.0910882037, 1.0951251348]
                            x0: (3, 1, 1) array [17.6405234597, 4.00157208367, ...]

