FindParams:
                    blur_every: 4
                   blur_radius: 0.5
                         decay: 0
                     lr_params: {'max_lr': 100.0, 'desired_prog': 2.0}
                     lr_policy: progress
                      max_iter: 500
                  push_channel: 8
                      push_dir: 1
                    push_layer: fc8-20
                  push_spatial: (0, 0)
                     push_unit: (8, 0, 0)
     px_abs_benefit_percentile: 0
         px_benefit_percentile: 0
                     rand_seed: 0
         small_norm_percentile: 50.0
          small_val_percentile: 0
                      start_at: mean_plus_rand


FindResults:
                       best_ii: 488
                      best_obj: 30.8364
                       best_xx: (3, 224, 224) array [0.0, 0.0, ...]
                          dist: [1.02043931465e-14, 3257.61589092, ..., 4352.12705554, 4352.09688823]
                        idxmax: [(12, 0, 0), (20, 0, 0), ..., (8, 0, 0), (8, 0, 0)]
                            ii: [0, 1, ..., 498, 499]
                         ismax: [False, False, ..., True, True]
                       last_ii: 499
                      last_obj: 30.6965
                       last_xx: (3, 224, 224) array [0.0, 0.0, ...]
                   majority_ii: 72
                  majority_obj: 12.736
                   majority_xx: (3, 224, 224) array [0.0, 0.0, ...]
                   meta_result: Metaresult: majority success
                          norm: [20.5668045944, 3258.26001145, ..., 597.326024503, 599.198653444]
                           obj: [-1.31642, -0.335965, ..., 30.4753, 30.6965]
                           std: [5.58935924311, 6.56292677192, ..., 1.3925986826, 1.39760568826]
                            x0: (3, 1, 1) array [17.6405234597, 4.00157208367, ...]

