FindParams:
                    blur_every: 4
                   blur_radius: 0.5
                         decay: 0
                     lr_params: {'max_lr': 100.0, 'desired_prog': 2.0}
                     lr_policy: progress
                      max_iter: 500
                  push_channel: 21
                      push_dir: 1
                    push_layer: fc8-20
                  push_spatial: (0, 0)
                     push_unit: (21, 0, 0)
     px_abs_benefit_percentile: 0
         px_benefit_percentile: 0
                     rand_seed: 0
         small_norm_percentile: 50.0
          small_val_percentile: 0
                      start_at: mean_plus_rand


FindResults:
                       best_ii: 496
                      best_obj: 25.5462
                       best_xx: (3, 224, 224) array [0.0, 0.0, ...]
                          dist: [1.02043931465e-14, 3257.61598959, ..., 4369.75924563, 4369.76762422]
                        idxmax: [(12, 0, 0), (20, 0, 0), ..., (21, 0, 0), (21, 0, 0)]
                            ii: [0, 1, ..., 498, 499]
                         ismax: [False, False, ..., True, True]
                       last_ii: 499
                      last_obj: 25.2417
                       last_xx: (3, 224, 224) array [0.0, 0.0, ...]
                   majority_ii: 35
                  majority_obj: 4.06787
                   majority_xx: (3, 224, 224) array [7.32851361946, 0.0, ...]
                   meta_result: Metaresult: majority success
                          norm: [20.5668045944, 3258.32380118, ..., 510.846493257, 512.84200152]
                           obj: [-2.65983, -3.07066, ..., 24.8072, 25.2417]
                           std: [5.58935924311, 6.56304735782, ..., 1.17384805737, 1.17937589678]
                            x0: (3, 1, 1) array [17.6405234597, 4.00157208367, ...]

