FindParams:
                    blur_every: 4
                   blur_radius: 0.5
                         decay: 0
                     lr_params: {'max_lr': 100000000, 'desired_prog': 2.0}
                     lr_policy: progress
                      max_iter: 1000
                  push_channel: 9
                      push_dir: 1
                    push_layer: fc8-20
                  push_spatial: (0, 0)
                     push_unit: (9, 0, 0)
     px_abs_benefit_percentile: 90.0
         px_benefit_percentile: 0
                     rand_seed: 0
         small_norm_percentile: 0
          small_val_percentile: 0
                      start_at: mean_plus_rand


FindResults:
                       best_ii: 968
                      best_obj: 13.0072
                       best_xx: (3, 224, 224) array [0.0, 0.0, ...]
                          dist: [1.02043931465e-14, 4371.0660873, ..., 4603.00740185, 4602.99165281]
                        idxmax: [(12, 0, 0), (12, 0, 0), ..., (9, 0, 0), (9, 0, 0)]
                            ii: [0, 1, ..., 998, 999]
                         ismax: [False, False, ..., True, True]
                       last_ii: 999
                      last_obj: 12.4559
                       last_xx: (3, 224, 224) array [0.0, 0.0, ...]
                   majority_ii: 12
                  majority_obj: 6.26254
                   majority_xx: (3, 224, 224) array [0.0, 0.0, ...]
                   meta_result: Metaresult: majority success
                          norm: [20.5668045944, 1460.48134237, ..., 123.13617174, 126.751527474]
                           obj: [1.34425, 2.15116, ..., 12.4442, 12.4559]
                           std: [5.58935924311, 3.61479361494, ..., 0.317044235338, 0.326359238732]
                            x0: (3, 1, 1) array [17.6405234597, 4.00157208367, ...]

