FindParams:
                    blur_every: 4
                   blur_radius: 0.5
                         decay: 0
                     lr_params: {'max_lr': 100000000, 'desired_prog': 2.0}
                     lr_policy: progress
                      max_iter: 1000
                  push_channel: 19
                      push_dir: 1
                    push_layer: fc8-20
                  push_spatial: (0, 0)
                     push_unit: (19, 0, 0)
     px_abs_benefit_percentile: 90.0
         px_benefit_percentile: 0
                     rand_seed: 0
         small_norm_percentile: 0
          small_val_percentile: 0
                      start_at: mean_plus_rand


FindResults:
                       best_ii: 968
                      best_obj: 15.2164
                       best_xx: (3, 224, 224) array [0.0, 0.0, ...]
                          dist: [1.02043931465e-14, 4371.20690916, ..., 4606.52464268, 4606.62841787]
                        idxmax: [(12, 0, 0), (20, 0, 0), ..., (19, 0, 0), (19, 0, 0)]
                            ii: [0, 1, ..., 998, 999]
                         ismax: [False, False, ..., True, True]
                       last_ii: 999
                      last_obj: 14.6042
                       last_xx: (3, 224, 224) array [0.0, 0.0, ...]
                   majority_ii: 4
                  majority_obj: 4.44774
                   majority_xx: (3, 224, 224) array [0.0, 0.0, ...]
                   meta_result: Metaresult: majority success
                          norm: [20.5668045944, 1459.60209974, ..., 103.143427805, 106.089619053]
                           obj: [1.53396, 1.77085, ..., 14.7483, 14.6042]
                           std: [5.58935924311, 3.61262039209, ..., 0.265842751475, 0.273437408214]
                            x0: (3, 1, 1) array [17.6405234597, 4.00157208367, ...]

