FindParams:
                    blur_every: 4
                   blur_radius: 0.5
                         decay: 0
                     lr_params: {'max_lr': 100000000, 'desired_prog': 2.0}
                     lr_policy: progress
                      max_iter: 1000
                  push_channel: 16
                      push_dir: 1
                    push_layer: fc8-20
                  push_spatial: (0, 0)
                     push_unit: (16, 0, 0)
     px_abs_benefit_percentile: 90.0
         px_benefit_percentile: 0
                     rand_seed: 0
         small_norm_percentile: 0
          small_val_percentile: 0
                      start_at: mean_plus_rand


FindResults:
                       best_ii: 960
                      best_obj: 14.9962
                       best_xx: (3, 224, 224) array [0.0, 0.0, ...]
                          dist: [1.02043931465e-14, 4370.83467149, ..., 4606.54134512, 4606.57456821]
                        idxmax: [(12, 0, 0), (20, 0, 0), ..., (16, 0, 0), (16, 0, 0)]
                            ii: [0, 1, ..., 998, 999]
                         ismax: [False, False, ..., True, True]
                       last_ii: 999
                      last_obj: 14.5869
                       last_xx: (3, 224, 224) array [0.0, 0.0, ...]
                   majority_ii: 15
                  majority_obj: 3.26829
                   majority_xx: (3, 224, 224) array [0.0, 0.0, ...]
                   meta_result: Metaresult: majority success
                          norm: [20.5668045944, 1460.14295524, ..., 102.859222429, 105.61009556]
                           obj: [-2.7082, -1.38515, ..., 14.2028, 14.5869]
                           std: [5.58935924311, 3.61403449112, ..., 0.265114495567, 0.272204496214]
                            x0: (3, 1, 1) array [17.6405234597, 4.00157208367, ...]

