FindParams:
                    blur_every: 4
                   blur_radius: 0.5
                         decay: 0
                     lr_params: {'max_lr': 100000000, 'desired_prog': 2.0}
                     lr_policy: progress
                      max_iter: 1000
                  push_channel: 6
                      push_dir: 1
                    push_layer: fc8-20
                  push_spatial: (0, 0)
                     push_unit: (6, 0, 0)
     px_abs_benefit_percentile: 90.0
         px_benefit_percentile: 0
                     rand_seed: 0
         small_norm_percentile: 0
          small_val_percentile: 0
                      start_at: mean_plus_rand


FindResults:
                       best_ii: 952
                      best_obj: 14.5532
                       best_xx: (3, 224, 224) array [0.0, 0.0, ...]
                          dist: [1.02043931465e-14, 4371.15818666, ..., 4606.48020438, 4606.62065574]
                        idxmax: [(12, 0, 0), (20, 0, 0), ..., (6, 0, 0), (6, 0, 0)]
                            ii: [0, 1, ..., 998, 999]
                         ismax: [False, False, ..., True, True]
                       last_ii: 999
                      last_obj: 14.2068
                       last_xx: (3, 224, 224) array [0.0, 0.0, ...]
                   majority_ii: 11
                  majority_obj: 4.45304
                   majority_xx: (3, 224, 224) array [0.0, 0.0, ...]
                   meta_result: Metaresult: majority success
                          norm: [20.5668045944, 1461.14432862, ..., 111.572287328, 115.929877176]
                           obj: [0.323846, 1.66782, ..., 14.239, 14.2068]
                           std: [5.58935924311, 3.61674148405, ..., 0.287529545812, 0.2987647689]
                            x0: (3, 1, 1) array [17.6405234597, 4.00157208367, ...]

