FindParams:
                    blur_every: 4
                   blur_radius: 0.5
                         decay: 0
                     lr_params: {'max_lr': 100000000, 'desired_prog': 2.0}
                     lr_policy: progress
                      max_iter: 1000
                  push_channel: 10
                      push_dir: 1
                    push_layer: fc8-20
                  push_spatial: (0, 0)
                     push_unit: (10, 0, 0)
     px_abs_benefit_percentile: 90.0
         px_benefit_percentile: 0
                     rand_seed: 0
         small_norm_percentile: 0
          small_val_percentile: 0
                      start_at: mean_plus_rand


FindResults:
                       best_ii: 708
                      best_obj: 14.7559
                       best_xx: (3, 224, 224) array [0.0, 0.0, ...]
                          dist: [1.02043931465e-14, 4370.73930035, ..., 4605.32907132, 4605.41014168]
                        idxmax: [(12, 0, 0), (20, 0, 0), ..., (10, 0, 0), (10, 0, 0)]
                            ii: [0, 1, ..., 998, 999]
                         ismax: [False, False, ..., True, True]
                       last_ii: 999
                      last_obj: 14.3863
                       last_xx: (3, 224, 224) array [0.0, 0.0, ...]
                   majority_ii: 113
                  majority_obj: 10.5311
                   majority_xx: (3, 224, 224) array [0.0, 0.0, ...]
                   meta_result: Metaresult: majority success
                          norm: [20.5668045944, 1457.85883668, ..., 113.014450946, 118.3524229]
                           obj: [1.44616, 0.233493, ..., 14.1857, 14.3863]
                           std: [5.58935924311, 3.60848188319, ..., 0.291200901416, 0.304958940691]
                            x0: (3, 1, 1) array [17.6405234597, 4.00157208367, ...]

