FindParams:
                    blur_every: 4
                   blur_radius: 0.5
                         decay: 0
                     lr_params: {'max_lr': 100000000, 'desired_prog': 2.0}
                     lr_policy: progress
                      max_iter: 1000
                  push_channel: 5
                      push_dir: 1
                    push_layer: fc8-20
                  push_spatial: (0, 0)
                     push_unit: (5, 0, 0)
     px_abs_benefit_percentile: 90.0
         px_benefit_percentile: 0
                     rand_seed: 0
         small_norm_percentile: 0
          small_val_percentile: 0
                      start_at: mean_plus_rand


FindResults:
                       best_ii: 996
                      best_obj: 17.4106
                       best_xx: (3, 224, 224) array [0.0, 0.0, ...]
                          dist: [1.02043931465e-14, 4370.65998876, ..., 4604.44988881, 4604.51807527]
                        idxmax: [(12, 0, 0), (20, 0, 0), ..., (5, 0, 0), (5, 0, 0)]
                            ii: [0, 1, ..., 998, 999]
                         ismax: [False, False, ..., True, True]
                       last_ii: 999
                      last_obj: 17.2741
                       last_xx: (3, 224, 224) array [0.0, 0.0, ...]
                   majority_ii: 12
                  majority_obj: 5.14824
                   majority_xx: (3, 224, 224) array [0.0, 0.0, ...]
                   meta_result: Metaresult: majority success
                          norm: [20.5668045944, 1459.15804337, ..., 140.751841634, 144.991464679]
                           obj: [2.47427, 0.085915, ..., 16.9444, 17.2741]
                           std: [5.58935924311, 3.61147035152, ..., 0.362473497423, 0.373402758556]
                            x0: (3, 1, 1) array [17.6405234597, 4.00157208367, ...]

