FindParams:
                    blur_every: 4
                   blur_radius: 0.5
                         decay: 0
                     lr_params: {'max_lr': 100000000, 'desired_prog': 2.0}
                     lr_policy: progress
                      max_iter: 1000
                  push_channel: 12
                      push_dir: 1
                    push_layer: fc8-20
                  push_spatial: (0, 0)
                     push_unit: (12, 0, 0)
     px_abs_benefit_percentile: 90.0
         px_benefit_percentile: 0
                     rand_seed: 0
         small_norm_percentile: 0
          small_val_percentile: 0
                      start_at: mean_plus_rand


FindResults:
                       best_ii: 892
                      best_obj: 17.1811
                       best_xx: (3, 224, 224) array [0.0, 0.0, ...]
                          dist: [1.02043931465e-14, 4370.69416718, ..., 4603.41909416, 4603.47359692]
                        idxmax: [(12, 0, 0), (12, 0, 0), ..., (12, 0, 0), (12, 0, 0)]
                            ii: [0, 1, ..., 998, 999]
                         ismax: [True, True, ..., True, True]
                       last_ii: 999
                      last_obj: 16.6658
                       last_xx: (3, 224, 224) array [0.0, 0.0, ...]
                   majority_ii: 0
                  majority_obj: 5.83664
                   majority_xx: (3, 1, 1) array [17.6405234597, 4.00157208367, ...]
                   meta_result: Metaresult: majority success
                          norm: [20.5668045944, 1457.09576554, ..., 118.921367683, 122.728929633]
                           obj: [5.83664, 4.69173, ..., 16.5443, 16.6658]
                           std: [5.58935924311, 3.60657499416, ..., 0.306332435671, 0.316148748958]
                            x0: (3, 1, 1) array [17.6405234597, 4.00157208367, ...]

