FindParams:
                    blur_every: 4
                   blur_radius: 0.5
                         decay: 0
                     lr_params: {'max_lr': 100000000, 'desired_prog': 2.0}
                     lr_policy: progress
                      max_iter: 1000
                  push_channel: 8
                      push_dir: 1
                    push_layer: fc8-20
                  push_spatial: (0, 0)
                     push_unit: (8, 0, 0)
     px_abs_benefit_percentile: 90.0
         px_benefit_percentile: 0
                     rand_seed: 0
         small_norm_percentile: 0
          small_val_percentile: 0
                      start_at: mean_plus_rand


FindResults:
                       best_ii: 920
                      best_obj: 15.768
                       best_xx: (3, 224, 224) array [0.0, 0.0, ...]
                          dist: [1.02043931465e-14, 4371.08184779, ..., 4603.97302816, 4603.99994803]
                        idxmax: [(12, 0, 0), (12, 0, 0), ..., (8, 0, 0), (8, 0, 0)]
                            ii: [0, 1, ..., 998, 999]
                         ismax: [False, False, ..., True, True]
                       last_ii: 999
                      last_obj: 15.2219
                       last_xx: (3, 224, 224) array [0.0, 0.0, ...]
                   majority_ii: 23
                  majority_obj: 4.7814
                   majority_xx: (3, 224, 224) array [0.0, 0.0, ...]
                   meta_result: Metaresult: majority success
                          norm: [20.5668045944, 1462.90574782, ..., 86.1645720609, 88.5804979861]
                           obj: [-1.31642, -2.49368, ..., 14.9279, 15.2219]
                           std: [5.58935924311, 3.62072374374, ..., 0.221920238042, 0.228151069253]
                            x0: (3, 1, 1) array [17.6405234597, 4.00157208367, ...]

