FindParams:
                    blur_every: 4
                   blur_radius: 0.5
                         decay: 0
                     lr_params: {'max_lr': 100000000, 'desired_prog': 2.0}
                     lr_policy: progress
                      max_iter: 1000
                  push_channel: 13
                      push_dir: 1
                    push_layer: fc8-20
                  push_spatial: (0, 0)
                     push_unit: (13, 0, 0)
     px_abs_benefit_percentile: 90.0
         px_benefit_percentile: 0
                     rand_seed: 0
         small_norm_percentile: 0
          small_val_percentile: 0
                      start_at: mean_plus_rand


FindResults:
                       best_ii: 984
                      best_obj: 16.555
                       best_xx: (3, 224, 224) array [0.0, 0.0, ...]
                          dist: [1.02043931465e-14, 4370.96690838, ..., 4608.50923411, 4608.50725183]
                        idxmax: [(12, 0, 0), (12, 0, 0), ..., (13, 0, 0), (13, 0, 0)]
                            ii: [0, 1, ..., 998, 999]
                         ismax: [False, False, ..., True, True]
                       last_ii: 999
                      last_obj: 15.7784
                       last_xx: (3, 224, 224) array [0.0, 0.0, ...]
                   majority_ii: 16
                  majority_obj: 4.64963
                   majority_xx: (3, 224, 224) array [0.0, 0.0, ...]
                   meta_result: Metaresult: majority success
                          norm: [20.5668045944, 1458.52986102, ..., 95.360252217, 98.0503222255]
                           obj: [-2.32496, -2.66124, ..., 15.9274, 15.7784]
                           std: [5.58935924311, 3.6101541804, ..., 0.245764843731, 0.252701561878]
                            x0: (3, 1, 1) array [17.6405234597, 4.00157208367, ...]

