FindParams:
                    blur_every: 4
                   blur_radius: 0.5
                         decay: 0
                     lr_params: {'max_lr': 100000000, 'desired_prog': 2.0}
                     lr_policy: progress
                      max_iter: 1000
                  push_channel: 1
                      push_dir: 1
                    push_layer: fc8-20
                  push_spatial: (0, 0)
                     push_unit: (1, 0, 0)
     px_abs_benefit_percentile: 90.0
         px_benefit_percentile: 0
                     rand_seed: 0
         small_norm_percentile: 0
          small_val_percentile: 0
                      start_at: mean_plus_rand


FindResults:
                       best_ii: 988
                      best_obj: 13.8645
                       best_xx: (3, 224, 224) array [0.0, 0.0, ...]
                          dist: [1.02043931465e-14, 4370.76561263, ..., 4607.08845976, 4607.20465053]
                        idxmax: [(12, 0, 0), (12, 0, 0), ..., (1, 0, 0), (1, 0, 0)]
                            ii: [0, 1, ..., 998, 999]
                         ismax: [False, False, ..., True, True]
                       last_ii: 999
                      last_obj: 13.4539
                       last_xx: (3, 224, 224) array [0.0, 0.0, ...]
                   majority_ii: 12
                  majority_obj: 4.86122
                   majority_xx: (3, 224, 224) array [0.0, 0.0, ...]
                   meta_result: Metaresult: majority success
                          norm: [20.5668045944, 1457.89732294, ..., 101.798602258, 106.019671979]
                           obj: [-2.04112, -0.716611, ..., 13.4297, 13.4539]
                           std: [5.58935924311, 3.60841243957, ..., 0.262381114302, 0.2732609306]
                            x0: (3, 1, 1) array [17.6405234597, 4.00157208367, ...]

