FindParams:
                    blur_every: 0
                   blur_radius: 0
                         decay: 0.3
                     lr_params: {'lr': 100.0}
                     lr_policy: constant
                      max_iter: 750
                  push_channel: 5
                      push_dir: 1
                    push_layer: fc8-20
                  push_spatial: (0, 0)
                     push_unit: (5, 0, 0)
     px_abs_benefit_percentile: 0
         px_benefit_percentile: 0
                     rand_seed: 0
         small_norm_percentile: 20.0
          small_val_percentile: 0
                      start_at: mean_plus_rand


FindResults:
                       best_ii: 618
                      best_obj: 10.0319
                       best_xx: (3, 224, 224) array [0.0, 0.0, ...]
                          dist: [1.02043931465e-14, 2402.36448626, ..., 4607.11242125, 4607.09094773]
                        idxmax: [(12, 0, 0), (12, 0, 0), ..., (5, 0, 0), (5, 0, 0)]
                            ii: [0, 1, ..., 748, 749]
                         ismax: [False, False, ..., True, True]
                       last_ii: 749
                      last_obj: 8.78271
                       last_xx: (3, 224, 224) array [0.0, 0.0, ...]
                   majority_ii: 23
                  majority_obj: 5.73693
                   majority_xx: (3, 224, 224) array [0.0, 0.0, ...]
                   meta_result: Metaresult: majority success
                          norm: [20.5668045944, 2885.04421225, ..., 55.196763099, 51.8152171496]
                           obj: [2.47427, -2.63502, ..., 9.60268, 8.78271]
                           std: [5.58935924311, 4.56657713598, ..., 0.142267043388, 0.133551329049]
                            x0: (3, 1, 1) array [17.6405234597, 4.00157208367, ...]

