FindParams:
                    blur_every: 0
                   blur_radius: 0
                         decay: 0.3
                     lr_params: {'lr': 100.0}
                     lr_policy: constant
                      max_iter: 750
                  push_channel: 12
                      push_dir: 1
                    push_layer: fc8-20
                  push_spatial: (0, 0)
                     push_unit: (12, 0, 0)
     px_abs_benefit_percentile: 0
         px_benefit_percentile: 0
                     rand_seed: 0
         small_norm_percentile: 20.0
          small_val_percentile: 0
                      start_at: mean_plus_rand


FindResults:
                       best_ii: 727
                      best_obj: 10.821
                       best_xx: (3, 224, 224) array [0.0, -0.0070421978408, ...]
                          dist: [1.02043931465e-14, 2402.41000857, ..., 4606.99734987, 4607.02718344]
                        idxmax: [(12, 0, 0), (12, 0, 0), ..., (12, 0, 0), (12, 0, 0)]
                            ii: [0, 1, ..., 748, 749]
                         ismax: [True, True, ..., True, True]
                       last_ii: 749
                      last_obj: 10.3896
                       last_xx: (3, 224, 224) array [0.0, -0.0083118107401, ...]
                   majority_ii: 0
                  majority_obj: 5.83664
                   majority_xx: (3, 1, 1) array [17.6405234597, 4.00157208367, ...]
                   meta_result: Metaresult: majority success
                          norm: [20.5668045944, 2884.95531192, ..., 49.6038544848, 49.9621388274]
                           obj: [5.83664, 5.90918, ..., 10.0047, 10.3896]
                           std: [5.58935924311, 4.5665566875, ..., 0.127851769527, 0.128775165173]
                            x0: (3, 1, 1) array [17.6405234597, 4.00157208367, ...]

