FindParams:
                    blur_every: 0
                   blur_radius: 0
                         decay: 0.3
                     lr_params: {'lr': 100.0}
                     lr_policy: constant
                      max_iter: 750
                  push_channel: 3
                      push_dir: 1
                    push_layer: fc8-20
                  push_spatial: (0, 0)
                     push_unit: (3, 0, 0)
     px_abs_benefit_percentile: 0
         px_benefit_percentile: 0
                     rand_seed: 0
         small_norm_percentile: 20.0
          small_val_percentile: 0
                      start_at: mean_plus_rand


FindResults:
                       best_ii: 585
                      best_obj: 11.2873
                       best_xx: (3, 224, 224) array [0.0, 0.0, ...]
                          dist: [1.02043931465e-14, 2402.58427267, ..., 4607.13567501, 4607.11890072]
                        idxmax: [(12, 0, 0), (12, 0, 0), ..., (3, 0, 0), (3, 0, 0)]
                            ii: [0, 1, ..., 748, 749]
                         ismax: [False, False, ..., True, True]
                       last_ii: 749
                      last_obj: 10.7135
                       last_xx: (3, 224, 224) array [0.0, 0.0, ...]
                   majority_ii: 7
                  majority_obj: 5.38482
                   majority_xx: (3, 224, 224) array [1.4576080962, 0.0, ...]
                   meta_result: Metaresult: majority success
                          norm: [20.5668045944, 2884.61434211, ..., 56.092998261, 55.626203561]
                           obj: [-0.205123, 1.8144, ..., 10.3652, 10.7135]
                           std: [5.58935924311, 4.56640841545, ..., 0.144577219644, 0.143374113128]
                            x0: (3, 1, 1) array [17.6405234597, 4.00157208367, ...]

