FindParams:
                    blur_every: 0
                   blur_radius: 0
                         decay: 0.3
                     lr_params: {'lr': 100.0}
                     lr_policy: constant
                      max_iter: 750
                  push_channel: 13
                      push_dir: 1
                    push_layer: fc8-20
                  push_spatial: (0, 0)
                     push_unit: (13, 0, 0)
     px_abs_benefit_percentile: 0
         px_benefit_percentile: 0
                     rand_seed: 0
         small_norm_percentile: 20.0
          small_val_percentile: 0
                      start_at: mean_plus_rand


FindResults:
                       best_ii: 437
                      best_obj: 11.1757
                       best_xx: (3, 224, 224) array [0.0, 0.0238148561587, ...]
                          dist: [1.02043931465e-14, 2402.51320344, ..., 4607.07192445, 4607.08904136]
                        idxmax: [(12, 0, 0), (12, 0, 0), ..., (13, 0, 0), (13, 0, 0)]
                            ii: [0, 1, ..., 748, 749]
                         ismax: [False, False, ..., True, True]
                       last_ii: 749
                      last_obj: 10.4906
                       last_xx: (3, 224, 224) array [0.0, 0.0190774762229, ...]
                   majority_ii: 15
                  majority_obj: 4.03283
                   majority_xx: (3, 224, 224) array [0.0811452662108, 0.0664938449475, ...]
                   meta_result: Metaresult: majority success
                          norm: [20.5668045944, 2884.75299663, ..., 51.8132732072, 53.4698975051]
                           obj: [-2.32496, -0.727903, ..., 10.6171, 10.4906]
                           std: [5.58935924311, 4.56645869161, ..., 0.133546376683, 0.137816259944]
                            x0: (3, 1, 1) array [17.6405234597, 4.00157208367, ...]

