FindParams:
                    blur_every: 0
                   blur_radius: 0
                         decay: 0.3
                     lr_params: {'lr': 100.0}
                     lr_policy: constant
                      max_iter: 750
                  push_channel: 16
                      push_dir: 1
                    push_layer: fc8-20
                  push_spatial: (0, 0)
                     push_unit: (16, 0, 0)
     px_abs_benefit_percentile: 0
         px_benefit_percentile: 0
                     rand_seed: 0
         small_norm_percentile: 20.0
          small_val_percentile: 0
                      start_at: mean_plus_rand


FindResults:
                       best_ii: 743
                      best_obj: 9.44665
                       best_xx: (3, 224, 224) array [0.0, 0.0, ...]
                          dist: [1.02043931465e-14, 2402.47351298, ..., 4607.15472705, 4607.07355005]
                        idxmax: [(12, 0, 0), (12, 0, 0), ..., (16, 0, 0), (16, 0, 0)]
                            ii: [0, 1, ..., 748, 749]
                         ismax: [False, False, ..., True, True]
                       last_ii: 749
                      last_obj: 8.14167
                       last_xx: (3, 224, 224) array [0.0, 0.0159472518635, ...]
                   majority_ii: 90
                  majority_obj: 3.12236
                   majority_xx: (3, 224, 224) array [0.0, 0.00841224305968, ...]
                   meta_result: Metaresult: majority success
                          norm: [20.5668045944, 2884.83048578, ..., 68.9445350722, 58.3897861238]
                           obj: [-2.7082, -2.118, ..., 8.04616, 8.14167]
                           std: [5.58935924311, 4.56652063694, ..., 0.177701435457, 0.150496990496]
                            x0: (3, 1, 1) array [17.6405234597, 4.00157208367, ...]

