FindParams:
                    blur_every: 0
                   blur_radius: 0
                         decay: 0.3
                     lr_params: {'lr': 100.0}
                     lr_policy: constant
                      max_iter: 750
                  push_channel: 15
                      push_dir: 1
                    push_layer: fc8-20
                  push_spatial: (0, 0)
                     push_unit: (15, 0, 0)
     px_abs_benefit_percentile: 0
         px_benefit_percentile: 0
                     rand_seed: 0
         small_norm_percentile: 20.0
          small_val_percentile: 0
                      start_at: mean_plus_rand


FindResults:
                       best_ii: 707
                      best_obj: 12.62
                       best_xx: (3, 224, 224) array [0.0, -0.0240796278133, ...]
                          dist: [1.02043931465e-14, 2402.54172561, ..., 4607.00183513, 4606.98287036]
                        idxmax: [(12, 0, 0), (12, 0, 0), ..., (15, 0, 0), (15, 0, 0)]
                            ii: [0, 1, ..., 748, 749]
                         ismax: [False, False, ..., True, True]
                       last_ii: 749
                      last_obj: 12.0961
                       last_xx: (3, 224, 224) array [-0.0090665570341, -0.0247850898723, ...]
                   majority_ii: 7
                  majority_obj: 5.6509
                   majority_xx: (3, 224, 224) array [1.4557885935, 0.0, ...]
                   meta_result: Metaresult: majority success
                          norm: [20.5668045944, 2884.69741955, ..., 51.3919015922, 51.7939796982]
                           obj: [-0.202764, -0.192243, ..., 11.7825, 12.0961]
                           std: [5.58935924311, 4.56639295902, ..., 0.132460382332, 0.133496727385]
                            x0: (3, 1, 1) array [17.6405234597, 4.00157208367, ...]

