FindParams:
                    blur_every: 0
                   blur_radius: 0
                         decay: 0.3
                     lr_params: {'lr': 100.0}
                     lr_policy: constant
                      max_iter: 750
                  push_channel: 2
                      push_dir: 1
                    push_layer: fc8-20
                  push_spatial: (0, 0)
                     push_unit: (2, 0, 0)
     px_abs_benefit_percentile: 0
         px_benefit_percentile: 0
                     rand_seed: 0
         small_norm_percentile: 20.0
          small_val_percentile: 0
                      start_at: mean_plus_rand


FindResults:
                       best_ii: 678
                      best_obj: 12.7704
                       best_xx: (3, 224, 224) array [0.0, 0.0, ...]
                          dist: [1.02043931465e-14, 2402.40674737, ..., 4606.88083542, 4606.90196312]
                        idxmax: [(12, 0, 0), (12, 0, 0), ..., (2, 0, 0), (2, 0, 0)]
                            ii: [0, 1, ..., 748, 749]
                         ismax: [False, False, ..., True, True]
                       last_ii: 749
                      last_obj: 12.1212
                       last_xx: (3, 224, 224) array [0.0, -0.00591802688315, ...]
                   majority_ii: 13
                  majority_obj: 3.94247
                   majority_xx: (3, 224, 224) array [0.16396106429, 0.168666746671, ...]
                   meta_result: Metaresult: majority success
                          norm: [20.5668045944, 2884.96160358, ..., 59.2298644332, 57.1209123169]
                           obj: [1.81168, 1.57821, ..., 11.8447, 12.1212]
                           std: [5.58935924311, 4.56659888361, ..., 0.152662292539, 0.147226591892]
                            x0: (3, 1, 1) array [17.6405234597, 4.00157208367, ...]

