FindParams:
                    blur_every: 0
                   blur_radius: 0
                         decay: 0.3
                     lr_params: {'lr': 100.0}
                     lr_policy: constant
                      max_iter: 750
                  push_channel: 6
                      push_dir: 1
                    push_layer: fc8-20
                  push_spatial: (0, 0)
                     push_unit: (6, 0, 0)
     px_abs_benefit_percentile: 0
         px_benefit_percentile: 0
                     rand_seed: 0
         small_norm_percentile: 20.0
          small_val_percentile: 0
                      start_at: mean_plus_rand


FindResults:
                       best_ii: 705
                      best_obj: 8.41256
                       best_xx: (3, 224, 224) array [0.00354906711728, 0.00812685815617, ...]
                          dist: [1.02043931465e-14, 2402.54094748, ..., 4607.24793198, 4607.13561474]
                        idxmax: [(12, 0, 0), (12, 0, 0), ..., (6, 0, 0), (6, 0, 0)]
                            ii: [0, 1, ..., 748, 749]
                         ismax: [False, False, ..., True, True]
                       last_ii: 749
                      last_obj: 8.27885
                       last_xx: (3, 224, 224) array [0.00580472466746, 0.00671557157858, ...]
                   majority_ii: 205
                  majority_obj: 5.3935
                   majority_xx: (3, 224, 224) array [0.00534977454345, 0.0333414144326, ...]
                   meta_result: Metaresult: majority success
                          norm: [20.5668045944, 2884.69894971, ..., 62.2846017076, 53.8971838311]
                           obj: [0.323846, 0.78563, ..., 8.1893, 8.27885]
                           std: [5.58935924311, 4.56645261994, ..., 0.160535851393, 0.138917642511]
                            x0: (3, 1, 1) array [17.6405234597, 4.00157208367, ...]

