FindParams:
                    blur_every: 0
                   blur_radius: 0
                         decay: 0.3
                     lr_params: {'lr': 100.0}
                     lr_policy: constant
                      max_iter: 750
                  push_channel: 4
                      push_dir: 1
                    push_layer: fc8-20
                  push_spatial: (0, 0)
                     push_unit: (4, 0, 0)
     px_abs_benefit_percentile: 0
         px_benefit_percentile: 0
                     rand_seed: 0
         small_norm_percentile: 20.0
          small_val_percentile: 0
                      start_at: mean_plus_rand


FindResults:
                       best_ii: 652
                      best_obj: 11.5685
                       best_xx: (3, 224, 224) array [-0.00547945396974, 0.0, ...]
                          dist: [1.02043931465e-14, 2402.4790452, ..., 4607.06919175, 4607.08624878]
                        idxmax: [(12, 0, 0), (12, 0, 0), ..., (4, 0, 0), (4, 0, 0)]
                            ii: [0, 1, ..., 748, 749]
                         ismax: [False, False, ..., True, True]
                       last_ii: 749
                      last_obj: 10.7004
                       last_xx: (3, 224, 224) array [0.00384716377593, 0.00480760759675, ...]
                   majority_ii: 19
                  majority_obj: 5.15623
                   majority_xx: (3, 224, 224) array [0.0, 0.0, ...]
                   meta_result: Metaresult: majority success
                          norm: [20.5668045944, 2884.81994811, ..., 58.2961165453, 59.874852259]
                           obj: [-2.10414, -4.37164, ..., 10.1826, 10.7004]
                           std: [5.58935924311, 4.56650906181, ..., 0.150255689219, 0.15432480444]
                            x0: (3, 1, 1) array [17.6405234597, 4.00157208367, ...]

