FindParams:
                    blur_every: 0
                   blur_radius: 0
                         decay: 0.3
                     lr_params: {'lr': 100.0}
                     lr_policy: constant
                      max_iter: 750
                  push_channel: 11
                      push_dir: 1
                    push_layer: fc8-20
                  push_spatial: (0, 0)
                     push_unit: (11, 0, 0)
     px_abs_benefit_percentile: 0
         px_benefit_percentile: 0
                     rand_seed: 0
         small_norm_percentile: 20.0
          small_val_percentile: 0
                      start_at: mean_plus_rand


FindResults:
                       best_ii: 650
                      best_obj: 3.2634
                       best_xx: (3, 224, 224) array [0.0129472998902, -0.00527960226219, ...]
                          dist: [1.02043931465e-14, 2402.46452746, ..., 4606.95907013, 4606.97197015]
                        idxmax: [(12, 0, 0), (12, 0, 0), ..., (15, 0, 0), (15, 0, 0)]
                            ii: [0, 1, ..., 748, 749]
                         ismax: [False, False, ..., False, False]
                       last_ii: 749
                      last_obj: 3.09184
                       last_xx: (3, 224, 224) array [0.011840910092, -0.00253937886539, ...]
                  majority_obj: None
                   majority_xx: None
                   meta_result: Metaresult: majority failure
                          norm: [20.5668045944, 2884.84815956, ..., 35.2482659958, 35.4400067211]
                           obj: [-0.714332, 0.583422, ..., 2.93648, 3.09184]
                           std: [5.58935924311, 4.56651174681, ..., 0.0908508548192, 0.0913450355351]
                            x0: (3, 1, 1) array [17.6405234597, 4.00157208367, ...]

