FindParams:
                    blur_every: 0
                   blur_radius: 0
                         decay: 0.3
                     lr_params: {'lr': 100.0}
                     lr_policy: constant
                      max_iter: 750
                  push_channel: 22
                      push_dir: 1
                    push_layer: fc8-20
                  push_spatial: (0, 0)
                     push_unit: (22, 0, 0)
     px_abs_benefit_percentile: 0
         px_benefit_percentile: 0
                     rand_seed: 0
         small_norm_percentile: 20.0
          small_val_percentile: 0
                      start_at: mean_plus_rand


FindResults:
                       best_ii: 318
                      best_obj: 8.22282
                       best_xx: (3, 224, 224) array [0.0, -0.0272905845646, ...]
                          dist: [1.02043931465e-14, 2402.58233051, ..., 4606.8808381, 4606.9166605]
                        idxmax: [(12, 0, 0), (12, 0, 0), ..., (22, 0, 0), (22, 0, 0)]
                            ii: [0, 1, ..., 748, 749]
                         ismax: [False, False, ..., True, True]
                       last_ii: 749
                      last_obj: 7.48097
                       last_xx: (3, 224, 224) array [0.0, -0.0269670886818, ...]
                   majority_ii: 22
                  majority_obj: 5.81656
                   majority_xx: (3, 224, 224) array [0.0117649005033, 0.0195392880075, ...]
                   meta_result: Metaresult: majority success
                          norm: [20.5668045944, 2884.61818465, ..., 43.7120660989, 48.1741097588]
                           obj: [0.0754816, -0.403591, ..., 7.48134, 7.48097]
                           std: [5.58935924311, 4.56638026099, ..., 0.112665943861, 0.12416666522]
                            x0: (3, 1, 1) array [17.6405234597, 4.00157208367, ...]

