FindParams:
                    blur_every: 0
                   blur_radius: 0
                         decay: 0.3
                     lr_params: {'lr': 100.0}
                     lr_policy: constant
                      max_iter: 750
                  push_channel: 11
                      push_dir: 1
                    push_layer: conv2/3x3
                  push_spatial: (28, 28)
                     push_unit: (11, 28, 28)
     px_abs_benefit_percentile: 0
         px_benefit_percentile: 0
                     rand_seed: 0
         small_norm_percentile: 20.0
          small_val_percentile: 0
                      start_at: mean_plus_rand


FindResults:
                       best_ii: 93
                      best_obj: 476.116
                       best_xx: (3, 224, 224) array [7.1054273576e-14, 7.1054273576e-14, ...]
                          dist: [1.02043931465e-14, 1454.33058879, ..., 4616.77555526, 4618.2673986]
                        idxmax: [(24, 2, 1), (142, 30, 27), ..., (11, 28, 28), (11, 28, 28)]
                            ii: [0, 1, ..., 748, 749]
                         ismax: [False, False, ..., True, True]
                       last_ii: 749
                      last_obj: 306.229
                       last_xx: (3, 224, 224) array [1.42108547152e-14, 1.42108547152e-14, ...]
                   majority_ii: 4
                  majority_obj: 277.73
                   majority_xx: (3, 224, 224) array [4.23548968267, 4.23548968267, ...]
                   meta_result: Metaresult: majority success
                          norm: [20.5668045944, 3253.82826861, ..., 303.393513592, 325.490446353]
                           obj: [0.0, 129.598, ..., 373.916, 306.229]
                           std: [5.58935924311, 4.0724707937, ..., 0.781983579575, 0.838937470416]
                            x0: (3, 1, 1) array [17.6405234597, 4.00157208367, ...]

