FindParams:
                    blur_every: 0
                   blur_radius: 0
                         decay: 0.3
                     lr_params: {'lr': 100.0}
                     lr_policy: constant
                      max_iter: 750
                  push_channel: 16
                      push_dir: 1
                    push_layer: conv2/3x3
                  push_spatial: (28, 28)
                     push_unit: (16, 28, 28)
     px_abs_benefit_percentile: 0
         px_benefit_percentile: 0
                     rand_seed: 0
         small_norm_percentile: 20.0
          small_val_percentile: 0
                      start_at: mean_plus_rand


FindResults:
                       best_ii: 683
                      best_obj: 489.674
                       best_xx: (3, 224, 224) array [1.42108547152e-14, 1.42108547152e-14, ...]
                          dist: [1.02043931465e-14, 1424.14410569, ..., 4615.91837185, 4616.09499097]
                        idxmax: [(24, 2, 1), (76, 29, 26), ..., (16, 28, 28), (16, 28, 28)]
                            ii: [0, 1, ..., 748, 749]
                         ismax: [False, False, ..., True, True]
                       last_ii: 749
                      last_obj: 398.746
                       last_xx: (3, 224, 224) array [1.42108547152e-14, 1.42108547152e-14, ...]
                   majority_ii: 2
                  majority_obj: 226.871
                   majority_xx: (3, 224, 224) array [8.64385649524, 8.64385649524, ...]
                   meta_result: Metaresult: majority success
                          norm: [20.5668045944, 3240.16139416, ..., 284.722438159, 287.82502997]
                           obj: [0.0, 63.5879, ..., 404.538, 398.746]
                           std: [5.58935924311, 4.00095726249, ..., 0.733859697537, 0.741856503068]
                            x0: (3, 1, 1) array [17.6405234597, 4.00157208367, ...]

