FindParams:
                    blur_every: 0
                   blur_radius: 0
                         decay: 0.3
                     lr_params: {'lr': 100.0}
                     lr_policy: constant
                      max_iter: 750
                  push_channel: 2
                      push_dir: 1
                    push_layer: conv2/3x3
                  push_spatial: (28, 28)
                     push_unit: (2, 28, 28)
     px_abs_benefit_percentile: 0
         px_benefit_percentile: 0
                     rand_seed: 0
         small_norm_percentile: 20.0
          small_val_percentile: 0
                      start_at: mean_plus_rand


FindResults:
                       best_ii: 214
                      best_obj: 449.104
                       best_xx: (3, 224, 224) array [1.42108547152e-14, 1.42108547152e-14, ...]
                          dist: [1.02043931465e-14, 1398.59951054, ..., 4616.50629744, 4616.95199682]
                        idxmax: [(24, 2, 1), (131, 30, 27), ..., (2, 28, 28), (100, 28, 29)]
                            ii: [0, 1, ..., 748, 749]
                         ismax: [False, False, ..., True, False]
                       last_ii: 749
                      last_obj: 303.855
                       last_xx: (3, 224, 224) array [1.42108547152e-14, 1.42108547152e-14, ...]
                   majority_ii: 8
                  majority_obj: 265.306
                   majority_xx: (3, 224, 224) array [1.01694107281, 1.01694107281, ...]
                   meta_result: Metaresult: majority success
                          norm: [20.5668045944, 3226.05622746, ..., 304.621180673, 310.286075788]
                           obj: [0.0, 0.0, ..., 334.637, 303.855]
                           std: [5.58935924311, 3.93188699676, ..., 0.785147840545, 0.799748863466]
                            x0: (3, 1, 1) array [17.6405234597, 4.00157208367, ...]

