FindParams:
                    blur_every: 0
                   blur_radius: 0
                         decay: 0.3
                     lr_params: {'lr': 100.0}
                     lr_policy: constant
                      max_iter: 750
                  push_channel: 37
                      push_dir: 1
                    push_layer: conv2/3x3
                  push_spatial: (28, 28)
                     push_unit: (37, 28, 28)
     px_abs_benefit_percentile: 0
         px_benefit_percentile: 0
                     rand_seed: 0
         small_norm_percentile: 20.0
          small_val_percentile: 0
                      start_at: mean_plus_rand


FindResults:
                       best_ii: 333
                      best_obj: 468.532
                       best_xx: (3, 224, 224) array [1.42108547152e-14, 1.42108547152e-14, ...]
                          dist: [1.02043931465e-14, 1509.22538069, ..., 4614.18087474, 4614.36552752]
                        idxmax: [(24, 2, 1), (41, 28, 28), ..., (37, 28, 28), (37, 28, 28)]
                            ii: [0, 1, ..., 748, 749]
                         ismax: [False, False, ..., True, True]
                       last_ii: 749
                      last_obj: 406.314
                       last_xx: (3, 224, 224) array [1.42108547152e-14, 1.42108547152e-14, ...]
                   majority_ii: 6
                  majority_obj: 303.215
                   majority_xx: (3, 224, 224) array [2.07538994451, 2.07538994451, ...]
                   meta_result: Metaresult: majority success
                          norm: [20.5668045944, 3278.9214968, ..., 264.363191031, 269.070615288]
                           obj: [0.0, 160.474, ..., 435.393, 406.314]
                           std: [5.58935924311, 4.20564875223, ..., 0.681384322736, 0.693517352608]
                            x0: (3, 1, 1) array [17.6405234597, 4.00157208367, ...]

