FindParams:
                    blur_every: 0
                   blur_radius: 0
                         decay: 0.3
                     lr_params: {'lr': 100.0}
                     lr_policy: constant
                      max_iter: 750
                  push_channel: 8
                      push_dir: 1
                    push_layer: conv2/3x3
                  push_spatial: (28, 28)
                     push_unit: (8, 28, 28)
     px_abs_benefit_percentile: 0
         px_benefit_percentile: 0
                     rand_seed: 0
         small_norm_percentile: 20.0
          small_val_percentile: 0
                      start_at: mean_plus_rand


FindResults:
                       best_ii: 58
                      best_obj: 503.735
                       best_xx: (3, 224, 224) array [1.82893273859e-08, 1.82893273859e-08, ...]
                          dist: [1.02043931465e-14, 1441.85656496, ..., 4617.11676608, 4618.1797563]
                        idxmax: [(24, 2, 1), (47, 28, 25), ..., (8, 28, 28), (100, 27, 28)]
                            ii: [0, 1, ..., 748, 749]
                         ismax: [False, False, ..., True, False]
                       last_ii: 749
                      last_obj: 255.656
                       last_xx: (3, 224, 224) array [1.42108547152e-14, 1.42108547152e-14, ...]
                   majority_ii: 4
                  majority_obj: 244.402
                   majority_xx: (3, 224, 224) array [4.23548968267, 4.23548968267, ...]
                   meta_result: Metaresult: majority success
                          norm: [20.5668045944, 3249.05945566, ..., 300.015924219, 317.060394893]
                           obj: [0.0, 74.3529, ..., 428.391, 255.656]
                           std: [5.58935924311, 4.04589167652, ..., 0.773278007742, 0.817209393899]
                            x0: (3, 1, 1) array [17.6405234597, 4.00157208367, ...]

