FindParams:
                    blur_every: 0
                   blur_radius: 0
                         decay: 0.3
                     lr_params: {'lr': 100.0}
                     lr_policy: constant
                      max_iter: 750
                  push_channel: 10
                      push_dir: 1
                    push_layer: conv2/3x3
                  push_spatial: (28, 28)
                     push_unit: (10, 28, 28)
     px_abs_benefit_percentile: 0
         px_benefit_percentile: 0
                     rand_seed: 0
         small_norm_percentile: 20.0
          small_val_percentile: 0
                      start_at: mean_plus_rand


FindResults:
                       best_ii: 620
                      best_obj: 441.757
                       best_xx: (3, 224, 224) array [1.42108547152e-14, 1.42108547152e-14, ...]
                          dist: [1.02043931465e-14, 1421.02810488, ..., 4618.31030781, 4618.85715877]
                        idxmax: [(24, 2, 1), (47, 28, 25), ..., (10, 28, 28), (100, 29, 28)]
                            ii: [0, 1, ..., 748, 749]
                         ismax: [False, False, ..., True, False]
                       last_ii: 749
                      last_obj: 293.622
                       last_xx: (3, 224, 224) array [1.42108547152e-14, 1.42108547152e-14, ...]
                   majority_ii: 17
                  majority_obj: 354.329
                   majority_xx: (3, 224, 224) array [0.0410372403943, 0.0410372403943, ...]
                   meta_result: Metaresult: majority success
                          norm: [20.5668045944, 3238.33296115, ..., 319.629177511, 327.393257896]
                           obj: [0.0, 72.5137, ..., 334.893, 293.622]
                           std: [5.58935924311, 3.9936692531, ..., 0.82383026413, 0.843841836745]
                            x0: (3, 1, 1) array [17.6405234597, 4.00157208367, ...]

