FindParams:
                    blur_every: 0
                   blur_radius: 0
                         decay: 0.3
                     lr_params: {'lr': 100.0}
                     lr_policy: constant
                      max_iter: 750
                  push_channel: 32
                      push_dir: 1
                    push_layer: conv2/3x3
                  push_spatial: (28, 28)
                     push_unit: (32, 28, 28)
     px_abs_benefit_percentile: 0
         px_benefit_percentile: 0
                     rand_seed: 0
         small_norm_percentile: 20.0
          small_val_percentile: 0
                      start_at: mean_plus_rand


FindResults:
                       best_ii: 698
                      best_obj: 294.509
                       best_xx: (3, 224, 224) array [1.42108547152e-14, 1.42108547152e-14, ...]
                          dist: [1.02043931465e-14, 1396.60486431, ..., 4615.48564796, 4615.3063401]
                        idxmax: [(24, 2, 1), (100, 27, 28), ..., (100, 28, 28), (100, 28, 28)]
                            ii: [0, 1, ..., 748, 749]
                         ismax: [False, False, ..., False, False]
                       last_ii: 749
                      last_obj: 210.943
                       last_xx: (3, 224, 224) array [1.42108547152e-14, 1.42108547152e-14, ...]
                  majority_obj: None
                   majority_xx: None
                   meta_result: Metaresult: majority failure
                          norm: [20.5668045944, 3227.66351601, ..., 274.657987719, 272.314345289]
                           obj: [86.6179, 0.0, ..., 205.643, 210.943]
                           std: [5.58935924311, 3.93499813471, ..., 0.707919030704, 0.701878394735]
                            x0: (3, 1, 1) array [17.6405234597, 4.00157208367, ...]

