FindParams:
                    blur_every: 0
                   blur_radius: 0
                         decay: 0.3
                     lr_params: {'lr': 100.0}
                     lr_policy: constant
                      max_iter: 750
                  push_channel: 4
                      push_dir: 1
                    push_layer: conv2/3x3
                  push_spatial: (28, 28)
                     push_unit: (4, 28, 28)
     px_abs_benefit_percentile: 0
         px_benefit_percentile: 0
                     rand_seed: 0
         small_norm_percentile: 20.0
          small_val_percentile: 0
                      start_at: mean_plus_rand


FindResults:
                       best_ii: 631
                      best_obj: 383.178
                       best_xx: (3, 224, 224) array [1.42108547152e-14, 1.42108547152e-14, ...]
                          dist: [1.02043931465e-14, 1397.26170592, ..., 4610.40829682, 4609.84107286]
                        idxmax: [(24, 2, 1), (160, 27, 27), ..., (33, 28, 28), (33, 28, 28)]
                            ii: [0, 1, ..., 748, 749]
                         ismax: [False, False, ..., False, False]
                       last_ii: 749
                      last_obj: 365.166
                       last_xx: (3, 224, 224) array [1.42108547152e-14, 1.42108547152e-14, ...]
                  majority_obj: None
                   majority_xx: None
                   meta_result: Metaresult: majority failure
                          norm: [20.5668045944, 3224.30412956, ..., 230.228067759, 219.384031771]
                           obj: [20.222, 65.4441, ..., 363.006, 365.166]
                           std: [5.58935924311, 3.93204626906, ..., 0.593402750376, 0.56545268253]
                            x0: (3, 1, 1) array [17.6405234597, 4.00157208367, ...]

