FindParams:
                    blur_every: 0
                   blur_radius: 0
                         decay: 0.3
                     lr_params: {'lr': 100.0}
                     lr_policy: constant
                      max_iter: 750
                  push_channel: 21
                      push_dir: 1
                    push_layer: conv2/3x3
                  push_spatial: (28, 28)
                     push_unit: (21, 28, 28)
     px_abs_benefit_percentile: 0
         px_benefit_percentile: 0
                     rand_seed: 0
         small_norm_percentile: 20.0
          small_val_percentile: 0
                      start_at: mean_plus_rand


FindResults:
                       best_ii: 254
                      best_obj: 431.635
                       best_xx: (3, 224, 224) array [1.42108547152e-14, 1.42108547152e-14, ...]
                          dist: [1.02043931465e-14, 1430.73131187, ..., 4615.46302487, 4615.54950666]
                        idxmax: [(24, 2, 1), (21, 27, 28), ..., (21, 28, 28), (21, 28, 28)]
                            ii: [0, 1, ..., 748, 749]
                         ismax: [False, False, ..., True, True]
                       last_ii: 749
                      last_obj: 378.533
                       last_xx: (3, 224, 224) array [1.42108547152e-14, 1.42108547152e-14, ...]
                   majority_ii: 3
                  majority_obj: 252.521
                   majority_xx: (3, 224, 224) array [6.05069954667, 6.05069954667, ...]
                   meta_result: Metaresult: majority success
                          norm: [20.5668045944, 3243.72318555, ..., 283.739490652, 285.078443202]
                           obj: [0.0, 86.9987, ..., 353.465, 378.533]
                           std: [5.58935924311, 4.01896735886, ..., 0.731326087759, 0.734777183664]
                            x0: (3, 1, 1) array [17.6405234597, 4.00157208367, ...]

