FindParams:
                    blur_every: 0
                   blur_radius: 0
                         decay: 0.3
                     lr_params: {'lr': 100.0}
                     lr_policy: constant
                      max_iter: 750
                  push_channel: 40
                      push_dir: 1
                    push_layer: conv2/3x3
                  push_spatial: (28, 28)
                     push_unit: (40, 28, 28)
     px_abs_benefit_percentile: 0
         px_benefit_percentile: 0
                     rand_seed: 0
         small_norm_percentile: 20.0
          small_val_percentile: 0
                      start_at: mean_plus_rand


FindResults:
                       best_ii: 711
                      best_obj: 296.727
                       best_xx: (3, 224, 224) array [1.42108547152e-14, 1.42108547152e-14, ...]
                          dist: [1.02043931465e-14, 1397.64770398, ..., 4615.98724793, 4615.91609274]
                        idxmax: [(24, 2, 1), (100, 28, 28), ..., (168, 28, 29), (40, 28, 28)]
                            ii: [0, 1, ..., 748, 749]
                         ismax: [False, False, ..., False, True]
                       last_ii: 749
                      last_obj: 285.379
                       last_xx: (3, 224, 224) array [1.42108547152e-14, 1.42108547152e-14, ...]
                   majority_ii: 13
                  majority_obj: 268.84
                   majority_xx: (3, 224, 224) array [0.170917286107, 0.170917286107, ...]
                   meta_result: Metaresult: majority success
                          norm: [20.5668045944, 3226.06749333, ..., 262.59615035, 260.115545846]
                           obj: [0.0, 0.0, ..., 278.536, 285.379]
                           std: [5.58935924311, 3.93113821664, ..., 0.676827089786, 0.670432929864]
                            x0: (3, 1, 1) array [17.6405234597, 4.00157208367, ...]

