FindParams:
                    blur_every: 0
                   blur_radius: 0
                         decay: 0.3
                     lr_params: {'lr': 100.0}
                     lr_policy: constant
                      max_iter: 750
                  push_channel: 0
                      push_dir: 1
                    push_layer: conv2/3x3
                  push_spatial: (28, 28)
                     push_unit: (0, 28, 28)
     px_abs_benefit_percentile: 0
         px_benefit_percentile: 0
                     rand_seed: 0
         small_norm_percentile: 20.0
          small_val_percentile: 0
                      start_at: mean_plus_rand


FindResults:
                       best_ii: 582
                      best_obj: 385.994
                       best_xx: (3, 224, 224) array [1.42108547152e-14, 1.42108547152e-14, ...]
                          dist: [1.02043931465e-14, 1399.41022113, ..., 4614.53085827, 4614.79722189]
                        idxmax: [(24, 2, 1), (160, 29, 28), ..., (160, 29, 28), (160, 29, 28)]
                            ii: [0, 1, ..., 748, 749]
                         ismax: [False, False, ..., False, False]
                       last_ii: 749
                      last_obj: 310.633
                       last_xx: (3, 224, 224) array [1.42108547152e-14, 1.42108547152e-14, ...]
                   majority_ii: 35
                  majority_obj: 300.945
                   majority_xx: (3, 224, 224) array [6.68256002854e-05, 6.68256002854e-05, ...]
                   meta_result: Metaresult: majority success
                          norm: [20.5668045944, 3228.43068287, ..., 253.474062878, 259.549237599]
                           obj: [0.0, 72.4047, ..., 337.452, 310.633]
                           std: [5.58935924311, 3.94140338386, ..., 0.653318378594, 0.668976880675]
                            x0: (3, 1, 1) array [17.6405234597, 4.00157208367, ...]

