FindParams:
                    blur_every: 0
                   blur_radius: 0
                         decay: 0.3
                     lr_params: {'lr': 100.0}
                     lr_policy: constant
                      max_iter: 750
                  push_channel: 24
                      push_dir: 1
                    push_layer: conv2/3x3
                  push_spatial: (28, 28)
                     push_unit: (24, 28, 28)
     px_abs_benefit_percentile: 0
         px_benefit_percentile: 0
                     rand_seed: 0
         small_norm_percentile: 20.0
          small_val_percentile: 0
                      start_at: mean_plus_rand


FindResults:
                       best_ii: 563
                      best_obj: 429.583
                       best_xx: (3, 224, 224) array [1.42108547152e-14, 1.42108547152e-14, ...]
                          dist: [1.02043931465e-14, 1399.0880884, ..., 4617.15689846, 4617.33347821]
                        idxmax: [(24, 2, 1), (160, 26, 27), ..., (24, 28, 28), (24, 28, 28)]
                            ii: [0, 1, ..., 748, 749]
                         ismax: [False, False, ..., True, True]
                       last_ii: 749
                      last_obj: 319.87
                       last_xx: (3, 224, 224) array [1.42108547152e-14, 1.42108547152e-14, ...]
                   majority_ii: 5
                  majority_obj: 262.889
                   majority_xx: (3, 224, 224) array [2.96484277787, 2.96484277787, ...]
                   meta_result: Metaresult: majority success
                          norm: [20.5668045944, 3228.45345911, ..., 310.721420439, 313.463684095]
                           obj: [7.64559, 13.3612, ..., 314.301, 319.87]
                           std: [5.58935924311, 3.93967306975, ..., 0.800870959133, 0.807939022197]
                            x0: (3, 1, 1) array [17.6405234597, 4.00157208367, ...]

