FindParams:
                    blur_every: 0
                   blur_radius: 0
                         decay: 0.3
                     lr_params: {'lr': 100.0}
                     lr_policy: constant
                      max_iter: 750
                  push_channel: 39
                      push_dir: 1
                    push_layer: conv2/3x3
                  push_spatial: (28, 28)
                     push_unit: (39, 28, 28)
     px_abs_benefit_percentile: 0
         px_benefit_percentile: 0
                     rand_seed: 0
         small_norm_percentile: 20.0
          small_val_percentile: 0
                      start_at: mean_plus_rand


FindResults:
                       best_ii: 581
                      best_obj: 183.098
                       best_xx: (3, 224, 224) array [1.42108547152e-14, 1.42108547152e-14, ...]
                          dist: [1.02043931465e-14, 1399.45259897, ..., 4612.17788562, 4612.31847113]
                        idxmax: [(24, 2, 1), (100, 27, 28), ..., (160, 28, 30), (160, 28, 30)]
                            ii: [0, 1, ..., 748, 749]
                         ismax: [False, False, ..., False, False]
                       last_ii: 749
                      last_obj: 150.449
                       last_xx: (3, 224, 224) array [1.42108547152e-14, 1.42108547152e-14, ...]
                  majority_obj: None
                   majority_xx: None
                   meta_result: Metaresult: majority failure
                          norm: [20.5668045944, 3224.51687446, ..., 206.00907507, 205.146666308]
                           obj: [0.0, 6.52704, ..., 159.548, 150.449]
                           std: [5.58935924311, 3.92954852797, ..., 0.53097542109, 0.52875208762]
                            x0: (3, 1, 1) array [17.6405234597, 4.00157208367, ...]

