FindParams:
                    blur_every: 0
                   blur_radius: 0
                         decay: 0.3
                     lr_params: {'lr': 100.0}
                     lr_policy: constant
                      max_iter: 750
                  push_channel: 28
                      push_dir: 1
                    push_layer: conv2/3x3
                  push_spatial: (28, 28)
                     push_unit: (28, 28, 28)
     px_abs_benefit_percentile: 0
         px_benefit_percentile: 0
                     rand_seed: 0
         small_norm_percentile: 20.0
          small_val_percentile: 0
                      start_at: mean_plus_rand


FindResults:
                       best_ii: 703
                      best_obj: 481.416
                       best_xx: (3, 224, 224) array [1.42108547152e-14, 1.42108547152e-14, ...]
                          dist: [1.02043931465e-14, 1423.65992615, ..., 4617.59433008, 4617.75061488]
                        idxmax: [(24, 2, 1), (76, 30, 27), ..., (28, 28, 28), (28, 28, 28)]
                            ii: [0, 1, ..., 748, 749]
                         ismax: [False, False, ..., True, True]
                       last_ii: 749
                      last_obj: 312.275
                       last_xx: (3, 224, 224) array [1.42108547152e-14, 1.42108547152e-14, ...]
                   majority_ii: 2
                  majority_obj: 194.86
                   majority_xx: (3, 224, 224) array [8.64385649524, 8.64385649524, ...]
                   meta_result: Metaresult: majority success
                          norm: [20.5668045944, 3240.5389841, ..., 314.316961566, 313.554671556]
                           obj: [0.0, 27.9101, ..., 351.986, 312.275]
                           std: [5.58935924311, 4.00013584835, ..., 0.810138261354, 0.808173492191]
                            x0: (3, 1, 1) array [17.6405234597, 4.00157208367, ...]

