FindParams:
                    blur_every: 0
                   blur_radius: 0
                         decay: 0.3
                     lr_params: {'lr': 100.0}
                     lr_policy: constant
                      max_iter: 750
                  push_channel: 7
                      push_dir: 1
                    push_layer: conv2/3x3
                  push_spatial: (28, 28)
                     push_unit: (7, 28, 28)
     px_abs_benefit_percentile: 0
         px_benefit_percentile: 0
                     rand_seed: 0
         small_norm_percentile: 20.0
          small_val_percentile: 0
                      start_at: mean_plus_rand


FindResults:
                       best_ii: 405
                      best_obj: 395.915
                       best_xx: (3, 224, 224) array [1.42108547152e-14, 1.42108547152e-14, ...]
                          dist: [1.02043931465e-14, 1404.42578371, ..., 4616.03907148, 4614.92572143]
                        idxmax: [(24, 2, 1), (17, 27, 28), ..., (7, 28, 28), (161, 27, 29)]
                            ii: [0, 1, ..., 748, 749]
                         ismax: [False, False, ..., True, False]
                       last_ii: 749
                      last_obj: 342.933
                       last_xx: (3, 224, 224) array [1.42108547152e-14, 1.42108547152e-14, ...]
                   majority_ii: 7
                  majority_obj: 277.376
                   majority_xx: (3, 224, 224) array [1.45277296116, 1.45277296116, ...]
                   meta_result: Metaresult: majority success
                          norm: [20.5668045944, 3231.16830972, ..., 292.619663226, 274.512050183]
                           obj: [0.0, 95.3694, ..., 374.877, 342.933]
                           std: [5.58935924311, 3.95385183788, ..., 0.754214064863, 0.707542405013]
                            x0: (3, 1, 1) array [17.6405234597, 4.00157208367, ...]

