FindParams:
                    blur_every: 0
                   blur_radius: 0
                         decay: 0.3
                     lr_params: {'lr': 100.0}
                     lr_policy: constant
                      max_iter: 750
                  push_channel: 33
                      push_dir: 1
                    push_layer: conv2/3x3
                  push_spatial: (28, 28)
                     push_unit: (33, 28, 28)
     px_abs_benefit_percentile: 0
         px_benefit_percentile: 0
                     rand_seed: 0
         small_norm_percentile: 20.0
          small_val_percentile: 0
                      start_at: mean_plus_rand


FindResults:
                       best_ii: 181
                      best_obj: 671.915
                       best_xx: (3, 224, 224) array [1.42108547152e-14, 1.42108547152e-14, ...]
                          dist: [1.02043931465e-14, 1402.39912858, ..., 4612.28031364, 4611.50142107]
                        idxmax: [(24, 2, 1), (160, 27, 27), ..., (33, 28, 28), (33, 28, 28)]
                            ii: [0, 1, ..., 748, 749]
                         ismax: [False, False, ..., True, True]
                       last_ii: 749
                      last_obj: 628.251
                       last_xx: (3, 224, 224) array [1.42108547152e-14, 1.42108547152e-14, ...]
                   majority_ii: 4
                  majority_obj: 571.51
                   majority_xx: (3, 224, 224) array [4.23548968267, 4.23548968267, ...]
                   meta_result: Metaresult: majority success
                          norm: [20.5668045944, 3231.34176144, ..., 267.106526156, 255.167376987]
                           obj: [18.8706, 323.331, ..., 640.297, 628.251]
                           std: [5.58935924311, 3.95654476277, ..., 0.688454895645, 0.657682269416]
                            x0: (3, 1, 1) array [17.6405234597, 4.00157208367, ...]

