FindParams:
                    blur_every: 0
                   blur_radius: 0
                         decay: 0.3
                     lr_params: {'lr': 100.0}
                     lr_policy: constant
                      max_iter: 750
                  push_channel: 23
                      push_dir: 1
                    push_layer: conv2/3x3
                  push_spatial: (28, 28)
                     push_unit: (23, 28, 28)
     px_abs_benefit_percentile: 0
         px_benefit_percentile: 0
                     rand_seed: 0
         small_norm_percentile: 20.0
          small_val_percentile: 0
                      start_at: mean_plus_rand


FindResults:
                       best_ii: 202
                      best_obj: 298.28
                       best_xx: (3, 224, 224) array [1.42108547152e-14, 1.42108547152e-14, ...]
                          dist: [1.02043931465e-14, 1409.18515213, ..., 4614.27632039, 4614.81391128]
                        idxmax: [(24, 2, 1), (100, 29, 28), ..., (100, 27, 28), (100, 27, 28)]
                            ii: [0, 1, ..., 748, 749]
                         ismax: [False, False, ..., False, False]
                       last_ii: 749
                      last_obj: 217.375
                       last_xx: (3, 224, 224) array [1.42108547152e-14, 1.42108547152e-14, ...]
                   majority_ii: 202
                  majority_obj: 298.28
                   majority_xx: (3, 224, 224) array [1.42108547152e-14, 1.42108547152e-14, ...]
                   meta_result: Metaresult: majority success
                          norm: [20.5668045944, 3233.37495892, ..., 257.38625329, 267.558796113]
                           obj: [3.62516, 0.0, ..., 235.305, 217.375]
                           std: [5.58935924311, 3.96233053626, ..., 0.663401823027, 0.689621133273]
                            x0: (3, 1, 1) array [17.6405234597, 4.00157208367, ...]

