FindParams:
                    blur_every: 0
                   blur_radius: 0
                         decay: 0.3
                     lr_params: {'lr': 100.0}
                     lr_policy: constant
                      max_iter: 750
                  push_channel: 36
                      push_dir: 1
                    push_layer: conv2/3x3
                  push_spatial: (28, 28)
                     push_unit: (36, 28, 28)
     px_abs_benefit_percentile: 0
         px_benefit_percentile: 0
                     rand_seed: 0
         small_norm_percentile: 20.0
          small_val_percentile: 0
                      start_at: mean_plus_rand


FindResults:
                       best_ii: 608
                      best_obj: 366.37
                       best_xx: (3, 224, 224) array [1.42108547152e-14, 1.42108547152e-14, ...]
                          dist: [1.02043931465e-14, 1397.87176119, ..., 4616.56396243, 4616.57775208]
                        idxmax: [(24, 2, 1), (100, 27, 28), ..., (36, 28, 28), (100, 27, 28)]
                            ii: [0, 1, ..., 748, 749]
                         ismax: [False, False, ..., True, False]
                       last_ii: 749
                      last_obj: 287.815
                       last_xx: (3, 224, 224) array [1.42108547152e-14, 1.42108547152e-14, ...]
                   majority_ii: 14
                  majority_obj: 266.246
                   majority_xx: (3, 224, 224) array [0.119642100275, 0.119642100275, ...]
                   meta_result: Metaresult: majority success
                          norm: [20.5668045944, 3226.95371612, ..., 305.201572645, 303.051522312]
                           obj: [0.0, 0.0, ..., 282.057, 287.815]
                           std: [5.58935924311, 3.93326978973, ..., 0.786643440837, 0.781101834977]
                            x0: (3, 1, 1) array [17.6405234597, 4.00157208367, ...]

