FindParams:
                    blur_every: 0
                   blur_radius: 0
                         decay: 0.3
                     lr_params: {'lr': 100.0}
                     lr_policy: constant
                      max_iter: 750
                  push_channel: 9
                      push_dir: 1
                    push_layer: conv1/7x7_s2
                  push_spatial: (56, 56)
                     push_unit: (9, 56, 56)
     px_abs_benefit_percentile: 0
         px_benefit_percentile: 0
                     rand_seed: 0
         small_norm_percentile: 20.0
          small_val_percentile: 0
                      start_at: mean_plus_rand


FindResults:
                       best_ii: 49
                      best_obj: 491.282
                       best_xx: (3, 224, 224) array [4.53226647323e-07, 4.53226647323e-07, ...]
                          dist: [1.02043931465e-14, 1387.20136182, ..., 4619.4453219, 4619.4453219]
                        idxmax: [(32, 0, 2), (32, 56, 55), ..., (9, 56, 56), (9, 56, 56)]
                            ii: [0, 1, ..., 748, 749]
                         ismax: [False, False, ..., True, True]
                       last_ii: 749
                      last_obj: 491.282
                       last_xx: (3, 224, 224) array [1.42108547152e-14, 1.42108547152e-14, ...]
                   majority_ii: 4
                  majority_obj: 366.18
                   majority_xx: (3, 224, 224) array [4.23548968267, 4.23548968267, ...]
                   meta_result: Metaresult: majority success
                          norm: [20.5668045944, 3226.07572485, ..., 339.077723565, 339.077723565]
                           obj: [0.0, 141.25, ..., 491.282, 491.282]
                           std: [5.58935924311, 3.92202141875, ..., 0.873958092065, 0.873958092065]
                            x0: (3, 1, 1) array [17.6405234597, 4.00157208367, ...]

