FindParams:
                    blur_every: 0
                   blur_radius: 0
                         decay: 0.3
                     lr_params: {'lr': 100.0}
                     lr_policy: constant
                      max_iter: 750
                  push_channel: 16
                      push_dir: 1
                    push_layer: conv1/7x7_s2
                  push_spatial: (56, 56)
                     push_unit: (16, 56, 56)
     px_abs_benefit_percentile: 0
         px_benefit_percentile: 0
                     rand_seed: 0
         small_norm_percentile: 20.0
          small_val_percentile: 0
                      start_at: mean_plus_rand


FindResults:
                       best_ii: 47
                      best_obj: 347.536
                       best_xx: (3, 224, 224) array [9.24952331616e-07, 9.24952331616e-07, ...]
                          dist: [1.02043931465e-14, 1387.14421359, ..., 4616.77181491, 4616.77181491]
                        idxmax: [(32, 0, 2), (39, 57, 55), ..., (39, 57, 55), (39, 57, 55)]
                            ii: [0, 1, ..., 748, 749]
                         ismax: [False, False, ..., False, False]
                       last_ii: 749
                      last_obj: 347.536
                       last_xx: (3, 224, 224) array [1.42108547152e-14, 1.42108547152e-14, ...]
                  majority_obj: None
                   majority_xx: None
                   meta_result: Metaresult: majority failure
                          norm: [20.5668045944, 3225.11988881, ..., 282.925908948, 282.925908948]
                           obj: [0.0, 89.1383, ..., 347.536, 347.536]
                           std: [5.58935924311, 3.91997499989, ..., 0.729210166019, 0.729210166019]
                            x0: (3, 1, 1) array [17.6405234597, 4.00157208367, ...]

