FindParams:
                    blur_every: 0
                   blur_radius: 0
                         decay: 0.3
                     lr_params: {'lr': 100.0}
                     lr_policy: constant
                      max_iter: 750
                  push_channel: 50
                      push_dir: 1
                    push_layer: conv1/7x7_s2
                  push_spatial: (56, 56)
                     push_unit: (50, 56, 56)
     px_abs_benefit_percentile: 0
         px_benefit_percentile: 0
                     rand_seed: 0
         small_norm_percentile: 20.0
          small_val_percentile: 0
                      start_at: mean_plus_rand


FindResults:
                       best_ii: 45
                      best_obj: 806.53
                       best_xx: (3, 224, 224) array [1.88765781672e-06, 1.88765781672e-06, ...]
                          dist: [1.02043931465e-14, 1388.53788724, ..., 4627.41729622, 4627.41729622]
                        idxmax: [(32, 0, 2), (50, 56, 56), ..., (50, 56, 56), (50, 56, 56)]
                            ii: [0, 1, ..., 748, 749]
                         ismax: [False, True, ..., True, True]
                       last_ii: 749
                      last_obj: 806.53
                       last_xx: (3, 224, 224) array [1.42108547152e-14, 1.42108547152e-14, ...]
                   majority_ii: 1
                  majority_obj: 239.148
                   majority_xx: (3, 224, 224) array [12.3483664218, 12.3483664218, ...]
                   meta_result: Metaresult: majority success
                          norm: [20.5668045944, 3227.4455136, ..., 434.93690564, 434.93690564]
                           obj: [0.0, 239.148, ..., 806.53, 806.53]
                           std: [5.58935924311, 3.9273493066, ..., 1.121030978, 1.121030978]
                            x0: (3, 1, 1) array [17.6405234597, 4.00157208367, ...]

