FindParams:
                    blur_every: 0
                   blur_radius: 0
                         decay: 0.3
                     lr_params: {'lr': 100.0}
                     lr_policy: constant
                      max_iter: 750
                  push_channel: 49
                      push_dir: 1
                    push_layer: conv1/7x7_s2
                  push_spatial: (56, 56)
                     push_unit: (49, 56, 56)
     px_abs_benefit_percentile: 0
         px_benefit_percentile: 0
                     rand_seed: 0
         small_norm_percentile: 20.0
          small_val_percentile: 0
                      start_at: mean_plus_rand


FindResults:
                       best_ii: 50
                      best_obj: 1459.39
                       best_xx: (3, 224, 224) array [3.17258653126e-07, 3.17258653126e-07, ...]
                          dist: [1.02043931465e-14, 1394.01375225, ..., 4642.83653942, 4642.83653942]
                        idxmax: [(32, 0, 2), (49, 56, 56), ..., (49, 56, 56), (49, 56, 56)]
                            ii: [0, 1, ..., 748, 749]
                         ismax: [False, True, ..., True, True]
                       last_ii: 749
                      last_obj: 1459.39
                       last_xx: (3, 224, 224) array [1.42108547152e-14, 1.42108547152e-14, ...]
                   majority_ii: 1
                  majority_obj: 447.206
                   majority_xx: (3, 224, 224) array [12.3483664218, 12.3483664218, ...]
                   meta_result: Metaresult: majority success
                          norm: [20.5668045944, 3229.67711164, ..., 578.056972306, 578.056972306]
                           obj: [0.0, 447.206, ..., 1459.39, 1459.39]
                           std: [5.58935924311, 3.94025781795, ..., 1.48991670105, 1.48991670105]
                            x0: (3, 1, 1) array [17.6405234597, 4.00157208367, ...]

