FindParams:
                    blur_every: 0
                   blur_radius: 0
                         decay: 0.3
                     lr_params: {'lr': 100.0}
                     lr_policy: constant
                      max_iter: 750
                  push_channel: 20
                      push_dir: 1
                    push_layer: conv1/7x7_s2
                  push_spatial: (56, 56)
                     push_unit: (20, 56, 56)
     px_abs_benefit_percentile: 0
         px_benefit_percentile: 0
                     rand_seed: 0
         small_norm_percentile: 20.0
          small_val_percentile: 0
                      start_at: mean_plus_rand


FindResults:
                       best_ii: 48
                      best_obj: 232.714
                       best_xx: (3, 224, 224) array [6.47466634973e-07, 6.47466634973e-07, ...]
                          dist: [1.02043931465e-14, 1384.42149103, ..., 4610.41505383, 4610.41505383]
                        idxmax: [(32, 0, 2), (32, 56, 57), ..., (32, 56, 57), (32, 56, 57)]
                            ii: [0, 1, ..., 748, 749]
                         ismax: [False, False, ..., False, False]
                       last_ii: 749
                      last_obj: 232.714
                       last_xx: (3, 224, 224) array [1.42108547152e-14, 1.42108547152e-14, ...]
                  majority_obj: None
                   majority_xx: None
                   meta_result: Metaresult: majority failure
                          norm: [20.5668045944, 3226.03732328, ..., 230.433547857, 230.433547857]
                           obj: [50.7703, 107.032, ..., 232.714, 232.714]
                           std: [5.58935924311, 3.91815772507, ..., 0.593911347481, 0.593911347481]
                            x0: (3, 1, 1) array [17.6405234597, 4.00157208367, ...]

