FindParams:
                    blur_every: 0
                   blur_radius: 0
                         decay: 0.3
                     lr_params: {'lr': 100.0}
                     lr_policy: constant
                      max_iter: 750
                  push_channel: 8
                      push_dir: 1
                    push_layer: conv1/7x7_s2
                  push_spatial: (56, 56)
                     push_unit: (8, 56, 56)
     px_abs_benefit_percentile: 0
         px_benefit_percentile: 0
                     rand_seed: 0
         small_norm_percentile: 20.0
          small_val_percentile: 0
                      start_at: mean_plus_rand


FindResults:
                       best_ii: 48
                      best_obj: 227.958
                       best_xx: (3, 224, 224) array [6.47466634973e-07, 6.47466634973e-07, ...]
                          dist: [1.02043931465e-14, 1387.1027836, ..., 4612.17540882, 4612.17540882]
                        idxmax: [(32, 0, 2), (32, 0, 2), ..., (35, 54, 57), (35, 54, 57)]
                            ii: [0, 1, ..., 748, 749]
                         ismax: [False, False, ..., False, False]
                       last_ii: 749
                      last_obj: 227.958
                       last_xx: (3, 224, 224) array [1.42108547152e-14, 1.42108547152e-14, ...]
                  majority_obj: None
                   majority_xx: None
                   meta_result: Metaresult: majority failure
                          norm: [20.5668045944, 3225.06349359, ..., 229.294410242, 229.294410242]
                           obj: [12.3471, 83.3414, ..., 227.958, 227.958]
                           std: [5.58935924311, 3.91910643423, ..., 0.590995657055, 0.590995657055]
                            x0: (3, 1, 1) array [17.6405234597, 4.00157208367, ...]

