FindParams:
                    blur_every: 0
                   blur_radius: 0
                         decay: 0.3
                     lr_params: {'lr': 100.0}
                     lr_policy: constant
                      max_iter: 750
                  push_channel: 42
                      push_dir: 1
                    push_layer: conv1/7x7_s2
                  push_spatial: (56, 56)
                     push_unit: (42, 56, 56)
     px_abs_benefit_percentile: 0
         px_benefit_percentile: 0
                     rand_seed: 0
         small_norm_percentile: 20.0
          small_val_percentile: 0
                      start_at: mean_plus_rand


FindResults:
                       best_ii: 52
                      best_obj: 447.21
                       best_xx: (3, 224, 224) array [1.55456746143e-07, 1.55456746143e-07, ...]
                          dist: [1.02043931465e-14, 1386.60325305, ..., 4620.04473018, 4620.04473018]
                        idxmax: [(32, 0, 2), (32, 0, 2), ..., (42, 56, 56), (42, 56, 56)]
                            ii: [0, 1, ..., 748, 749]
                         ismax: [False, False, ..., True, True]
                       last_ii: 749
                      last_obj: 447.21
                       last_xx: (3, 224, 224) array [1.42108547152e-14, 1.42108547152e-14, ...]
                   majority_ii: 2
                  majority_obj: 201.971
                   majority_xx: (3, 224, 224) array [8.64385649524, 8.64385649524, ...]
                   meta_result: Metaresult: majority success
                          norm: [20.5668045944, 3225.51388906, ..., 322.235302728, 322.235302728]
                           obj: [0.0, 102.959, ..., 447.21, 447.21]
                           std: [5.58935924311, 3.91793389309, ..., 0.830547484029, 0.830547484029]
                            x0: (3, 1, 1) array [17.6405234597, 4.00157208367, ...]

