FindParams:
                    blur_every: 0
                   blur_radius: 0
                         decay: 0.3
                     lr_params: {'lr': 100.0}
                     lr_policy: constant
                      max_iter: 750
                  push_channel: 40
                      push_dir: 1
                    push_layer: conv1/7x7_s2
                  push_spatial: (56, 56)
                     push_unit: (40, 56, 56)
     px_abs_benefit_percentile: 0
         px_benefit_percentile: 0
                     rand_seed: 0
         small_norm_percentile: 20.0
          small_val_percentile: 0
                      start_at: mean_plus_rand


FindResults:
                       best_ii: 49
                      best_obj: 122.97
                       best_xx: (3, 224, 224) array [4.53226647323e-07, 4.53226647323e-07, ...]
                          dist: [1.02043931465e-14, 1386.02986093, ..., 4611.11669837, 4611.11669837]
                        idxmax: [(32, 0, 2), (32, 0, 2), ..., (32, 56, 57), (32, 56, 57)]
                            ii: [0, 1, ..., 748, 749]
                         ismax: [False, False, ..., False, False]
                       last_ii: 749
                      last_obj: 122.97
                       last_xx: (3, 224, 224) array [1.42108547152e-14, 1.42108547152e-14, ...]
                  majority_obj: None
                   majority_xx: None
                   meta_result: Metaresult: majority failure
                          norm: [20.5668045944, 3224.35912995, ..., 169.81606402, 169.81606402]
                           obj: [0.0, 23.0302, ..., 122.97, 122.97]
                           std: [5.58935924311, 3.9162020352, ..., 0.437690710056, 0.437690710056]
                            x0: (3, 1, 1) array [17.6405234597, 4.00157208367, ...]

