FindParams:
                    blur_every: 0
                   blur_radius: 0
                         decay: 0.3
                     lr_params: {'lr': 100.0}
                     lr_policy: constant
                      max_iter: 750
                  push_channel: 10
                      push_dir: 1
                    push_layer: pool1/3x3_s2
                  push_spatial: (28, 28)
                     push_unit: (10, 28, 28)
     px_abs_benefit_percentile: 0
         px_benefit_percentile: 0
                     rand_seed: 0
         small_norm_percentile: 20.0
          small_val_percentile: 0
                      start_at: mean_plus_rand


FindResults:
                       best_ii: 45
                      best_obj: 534.275
                       best_xx: (3, 224, 224) array [1.88765781672e-06, 1.88765781672e-06, ...]
                          dist: [1.02043931465e-14, 1385.93533251, ..., 4618.03419491, 4618.03419491]
                        idxmax: [(32, 0, 0), (10, 27, 27), ..., (10, 27, 27), (10, 27, 27)]
                            ii: [0, 1, ..., 748, 749]
                         ismax: [False, False, ..., False, False]
                       last_ii: 749
                      last_obj: 534.275
                       last_xx: (3, 224, 224) array [1.42108547152e-14, 1.42108547152e-14, ...]
                  majority_obj: None
                   majority_xx: None
                   meta_result: Metaresult: majority failure
                          norm: [20.5668045944, 3227.22939459, ..., 353.401466872, 353.401466872]
                           obj: [47.819, 193.311, ..., 534.275, 534.275]
                           std: [5.58935924311, 3.92668956436, ..., 0.91087675939, 0.91087675939]
                            x0: (3, 1, 1) array [17.6405234597, 4.00157208367, ...]

