FindParams:
                    blur_every: 0
                   blur_radius: 0
                         decay: 0.3
                     lr_params: {'lr': 100.0}
                     lr_policy: constant
                      max_iter: 750
                  push_channel: 56
                      push_dir: 1
                    push_layer: pool1/3x3_s2
                  push_spatial: (28, 28)
                     push_unit: (56, 28, 28)
     px_abs_benefit_percentile: 0
         px_benefit_percentile: 0
                     rand_seed: 0
         small_norm_percentile: 20.0
          small_val_percentile: 0
                      start_at: mean_plus_rand


FindResults:
                       best_ii: 46
                      best_obj: 349.412
                       best_xx: (3, 224, 224) array [1.32136047171e-06, 1.32136047171e-06, ...]
                          dist: [1.02043931465e-14, 1385.85695352, ..., 4615.79600586, 4615.79600586]
                        idxmax: [(32, 0, 0), (19, 27, 27), ..., (32, 27, 26), (32, 27, 26)]
                            ii: [0, 1, ..., 748, 749]
                         ismax: [False, False, ..., False, False]
                       last_ii: 749
                      last_obj: 349.412
                       last_xx: (3, 224, 224) array [1.42108547152e-14, 1.42108547152e-14, ...]
                  majority_obj: None
                   majority_xx: None
                   meta_result: Metaresult: majority failure
                          norm: [20.5668045944, 3225.64996119, ..., 283.617875286, 283.617875286]
                           obj: [1.01846, 101.971, ..., 349.412, 349.412]
                           std: [5.58935924311, 3.91926200387, ..., 0.731012567513, 0.731012567513]
                            x0: (3, 1, 1) array [17.6405234597, 4.00157208367, ...]

