FindParams:
                    blur_every: 0
                   blur_radius: 0
                         decay: 0.3
                     lr_params: {'lr': 100.0}
                     lr_policy: constant
                      max_iter: 750
                  push_channel: 59
                      push_dir: 1
                    push_layer: pool1/3x3_s2
                  push_spatial: (28, 28)
                     push_unit: (59, 28, 28)
     px_abs_benefit_percentile: 0
         px_benefit_percentile: 0
                     rand_seed: 0
         small_norm_percentile: 20.0
          small_val_percentile: 0
                      start_at: mean_plus_rand


FindResults:
                       best_ii: 47
                      best_obj: 93.611
                       best_xx: (3, 224, 224) array [9.24952331616e-07, 9.24952331616e-07, ...]
                          dist: [1.02043931465e-14, 1385.18140696, ..., 4608.8205342, 4608.8205342]
                        idxmax: [(32, 0, 0), (32, 0, 0), ..., (36, 27, 26), (36, 27, 26)]
                            ii: [0, 1, ..., 748, 749]
                         ismax: [False, False, ..., False, False]
                       last_ii: 749
                      last_obj: 93.611
                       last_xx: (3, 224, 224) array [1.42108547152e-14, 1.42108547152e-14, ...]
                  majority_obj: None
                   majority_xx: None
                   meta_result: Metaresult: majority failure
                          norm: [20.5668045944, 3224.80996711, ..., 147.614189702, 147.614189702]
                           obj: [10.2597, 39.117, ..., 93.611, 93.611]
                           std: [5.58935924311, 3.91597867261, ..., 0.380466966993, 0.380466966993]
                            x0: (3, 1, 1) array [17.6405234597, 4.00157208367, ...]

