FindParams:
                    blur_every: 0
                   blur_radius: 0
                         decay: 0.3
                     lr_params: {'lr': 100.0}
                     lr_policy: constant
                      max_iter: 750
                  push_channel: 34
                      push_dir: 1
                    push_layer: pool1/3x3_s2
                  push_spatial: (28, 28)
                     push_unit: (34, 28, 28)
     px_abs_benefit_percentile: 0
         px_benefit_percentile: 0
                     rand_seed: 0
         small_norm_percentile: 20.0
          small_val_percentile: 0
                      start_at: mean_plus_rand


FindResults:
                       best_ii: 48
                      best_obj: 360.5
                       best_xx: (3, 224, 224) array [6.47466634973e-07, 6.47466634973e-07, ...]
                          dist: [1.02043931465e-14, 1387.85413509, ..., 4615.49657969, 4615.49657969]
                        idxmax: [(32, 0, 0), (34, 27, 27), ..., (2, 27, 27), (2, 27, 27)]
                            ii: [0, 1, ..., 748, 749]
                         ismax: [False, False, ..., False, False]
                       last_ii: 749
                      last_obj: 360.5
                       last_xx: (3, 224, 224) array [1.42108547152e-14, 1.42108547152e-14, ...]
                  majority_obj: None
                   majority_xx: None
                   meta_result: Metaresult: majority failure
                          norm: [20.5668045944, 3225.53429741, ..., 288.014493403, 288.014493403]
                           obj: [14.125, 124.324, ..., 360.5, 360.5]
                           std: [5.58935924311, 3.92070289673, ..., 0.7423443608, 0.7423443608]
                            x0: (3, 1, 1) array [17.6405234597, 4.00157208367, ...]

