FindParams:
                    blur_every: 0
                   blur_radius: 0
                         decay: 0.3
                     lr_params: {'lr': 100.0}
                     lr_policy: constant
                      max_iter: 750
                  push_channel: 17
                      push_dir: 1
                    push_layer: pool1/3x3_s2
                  push_spatial: (28, 28)
                     push_unit: (17, 28, 28)
     px_abs_benefit_percentile: 0
         px_benefit_percentile: 0
                     rand_seed: 0
         small_norm_percentile: 20.0
          small_val_percentile: 0
                      start_at: mean_plus_rand


FindResults:
                       best_ii: 52
                      best_obj: 1799.22
                       best_xx: (3, 224, 224) array [1.55456746143e-07, 1.55456746143e-07, ...]
                          dist: [1.02043931465e-14, 1397.30639471, ..., 4649.93908227, 4649.93908227]
                        idxmax: [(32, 0, 0), (17, 27, 27), ..., (17, 27, 27), (17, 27, 27)]
                            ii: [0, 1, ..., 748, 749]
                         ismax: [False, False, ..., False, False]
                       last_ii: 749
                      last_obj: 1799.22
                       last_xx: (3, 224, 224) array [1.42108547152e-14, 1.42108547152e-14, ...]
                  majority_obj: None
                   majority_xx: None
                   meta_result: Metaresult: majority failure
                          norm: [20.5668045944, 3230.91270661, ..., 629.829210102, 629.829210102]
                           obj: [1.66207, 573.163, ..., 1799.22, 1799.22]
                           std: [5.58935924311, 3.94640286152, ..., 1.62335714167, 1.62335714167]
                            x0: (3, 1, 1) array [17.6405234597, 4.00157208367, ...]

