FindParams:
                    blur_every: 0
                   blur_radius: 0
                         decay: 0.3
                     lr_params: {'lr': 100.0}
                     lr_policy: constant
                      max_iter: 750
                  push_channel: 30
                      push_dir: 1
                    push_layer: pool1/3x3_s2
                  push_spatial: (28, 28)
                     push_unit: (30, 28, 28)
     px_abs_benefit_percentile: 0
         px_benefit_percentile: 0
                     rand_seed: 0
         small_norm_percentile: 20.0
          small_val_percentile: 0
                      start_at: mean_plus_rand


FindResults:
                       best_ii: 46
                      best_obj: 1391.74
                       best_xx: (3, 224, 224) array [1.32136047171e-06, 1.32136047171e-06, ...]
                          dist: [1.02043931465e-14, 1393.38199781, ..., 4642.02945767, 4642.02945767]
                        idxmax: [(32, 0, 0), (30, 27, 27), ..., (30, 27, 27), (30, 27, 27)]
                            ii: [0, 1, ..., 748, 749]
                         ismax: [False, False, ..., False, False]
                       last_ii: 749
                      last_obj: 1391.74
                       last_xx: (3, 224, 224) array [1.42108547152e-14, 1.42108547152e-14, ...]
                  majority_obj: None
                   majority_xx: None
                   meta_result: Metaresult: majority failure
                          norm: [20.5668045944, 3229.13954691, ..., 569.814417695, 569.814417695]
                           obj: [1.0131, 412.51, ..., 1391.74, 1391.74]
                           std: [5.58935924311, 3.93665977696, ..., 1.46867190737, 1.46867190737]
                            x0: (3, 1, 1) array [17.6405234597, 4.00157208367, ...]

