FindParams:
                    blur_every: 0
                   blur_radius: 0
                         decay: 0.3
                     lr_params: {'lr': 100.0}
                     lr_policy: constant
                      max_iter: 750
                  push_channel: 15
                      push_dir: 1
                    push_layer: pool1/3x3_s2
                  push_spatial: (28, 28)
                     push_unit: (15, 28, 28)
     px_abs_benefit_percentile: 0
         px_benefit_percentile: 0
                     rand_seed: 0
         small_norm_percentile: 20.0
          small_val_percentile: 0
                      start_at: mean_plus_rand


FindResults:
                       best_ii: 47
                      best_obj: 1191.33
                       best_xx: (3, 224, 224) array [9.24952331616e-07, 9.24952331616e-07, ...]
                          dist: [1.02043931465e-14, 1392.37028817, ..., 4635.91316649, 4635.91316649]
                        idxmax: [(32, 0, 0), (15, 27, 27), ..., (15, 27, 27), (15, 27, 27)]
                            ii: [0, 1, ..., 748, 749]
                         ismax: [False, False, ..., False, False]
                       last_ii: 749
                      last_obj: 1191.33
                       last_xx: (3, 224, 224) array [1.42108547152e-14, 1.42108547152e-14, ...]
                  majority_obj: None
                   majority_xx: None
                   meta_result: Metaresult: majority failure
                          norm: [20.5668045944, 3228.67968432, ..., 519.296011761, 519.296011761]
                           obj: [1.99399, 370.85, ..., 1191.33, 1191.33]
                           std: [5.58935924311, 3.93483216689, ..., 1.33846282052, 1.33846282052]
                            x0: (3, 1, 1) array [17.6405234597, 4.00157208367, ...]

