FindParams:
                    blur_every: 0
                   blur_radius: 0
                         decay: 0.3
                     lr_params: {'lr': 100.0}
                     lr_policy: constant
                      max_iter: 750
                  push_channel: 61
                      push_dir: 1
                    push_layer: pool1/3x3_s2
                  push_spatial: (28, 28)
                     push_unit: (61, 28, 28)
     px_abs_benefit_percentile: 0
         px_benefit_percentile: 0
                     rand_seed: 0
         small_norm_percentile: 20.0
          small_val_percentile: 0
                      start_at: mean_plus_rand


FindResults:
                       best_ii: 45
                      best_obj: 616.551
                       best_xx: (3, 224, 224) array [1.88765781672e-06, 1.88765781672e-06, ...]
                          dist: [1.02043931465e-14, 1388.41200128, ..., 4621.63217281, 4621.63217281]
                        idxmax: [(32, 0, 0), (61, 27, 27), ..., (61, 27, 27), (61, 27, 27)]
                            ii: [0, 1, ..., 748, 749]
                         ismax: [False, False, ..., False, False]
                       last_ii: 749
                      last_obj: 616.551
                       last_xx: (3, 224, 224) array [1.42108547152e-14, 1.42108547152e-14, ...]
                  majority_obj: None
                   majority_xx: None
                   meta_result: Metaresult: majority failure
                          norm: [20.5668045944, 3226.78630425, ..., 377.562593608, 377.562593608]
                           obj: [9.69076, 196.751, ..., 616.551, 616.551]
                           std: [5.58935924311, 3.92664578466, ..., 0.973151123303, 0.973151123303]
                            x0: (3, 1, 1) array [17.6405234597, 4.00157208367, ...]

