FindParams:
                    blur_every: 4
                   blur_radius: 0.5
                         decay: 0
                     lr_params: {'max_lr': 100.0, 'desired_prog': 2.0}
                     lr_policy: progress
                      max_iter: 500
                  push_channel: 37
                      push_dir: 1
                    push_layer: conv1/7x7_s2
                  push_spatial: (0, 0)
                     push_unit: (37, 0, 0)
     px_abs_benefit_percentile: 0
         px_benefit_percentile: 0
                     rand_seed: 0
         small_norm_percentile: 50.0
          small_val_percentile: 0
                      start_at: mean_plus_rand


FindResults:
                       best_ii: 4
                      best_obj: 13.0913
                       best_xx: (3, 224, 224) array [0.0, 19.6187434407, ...]
                          dist: [1.02043931465e-14, 94.2839965382, ..., 3270.83219114, 3270.84500449]
                        idxmax: [(32, 0, 2), (32, 0, 5), ..., (32, 0, 88), (32, 0, 88)]
                            ii: [0, 1, ..., 498, 499]
                         ismax: [False, False, ..., False, False]
                       last_ii: 499
                      last_obj: 10.1989
                       last_xx: (3, 224, 224) array [0.0, 0.0, ...]
                  majority_obj: None
                   majority_xx: None
                   meta_result: Metaresult: majority failure
                          norm: [20.5668045944, 4606.02542743, ..., 3200.78341092, 3200.82184973]
                           obj: [0.0, 11.3271, ..., 9.89433, 10.1989]
                           std: [5.58935924311, 5.59229469237, ..., 6.46365760073, 6.46374549513]
                            x0: (3, 1, 1) array [17.6405234597, 4.00157208367, ...]

