FindParams:
                    blur_every: 4
                   blur_radius: 0.5
                         decay: 0
                     lr_params: {'max_lr': 100.0, 'desired_prog': 2.0}
                     lr_policy: progress
                      max_iter: 500
                  push_channel: 1
                      push_dir: 1
                    push_layer: conv1/7x7_s2
                  push_spatial: (0, 0)
                     push_unit: (1, 0, 0)
     px_abs_benefit_percentile: 0
         px_benefit_percentile: 0
                     rand_seed: 0
         small_norm_percentile: 50.0
          small_val_percentile: 0
                      start_at: mean_plus_rand


FindResults:
                       best_ii: 496
                      best_obj: 97.1697
                       best_xx: (3, 224, 224) array [151.0, 151.0, ...]
                          dist: [1.02043931465e-14, 102.949331332, ..., 3328.79953967, 3329.96201309]
                        idxmax: [(32, 0, 2), (32, 0, 5), ..., (54, 0, 0), (54, 0, 0)]
                            ii: [0, 1, ..., 498, 499]
                         ismax: [False, False, ..., False, False]
                       last_ii: 499
                      last_obj: 96.9852
                       last_xx: (3, 224, 224) array [151.0, 151.0, ...]
                  majority_obj: None
                   majority_xx: None
                   meta_result: Metaresult: majority failure
                          norm: [20.5668045944, 4605.84829999, ..., 3251.26983383, 3252.46068783]
                           obj: [0.200116, 3.35731, ..., 95.0754, 96.9852]
                           std: [5.58935924311, 5.59294856272, ..., 6.64072153288, 6.64458278403]
                            x0: (3, 1, 1) array [17.6405234597, 4.00157208367, ...]

