FindParams:
                    blur_every: 4
                   blur_radius: 0.5
                         decay: 0
                     lr_params: {'max_lr': 100.0, 'desired_prog': 2.0}
                     lr_policy: progress
                      max_iter: 500
                  push_channel: 24
                      push_dir: 1
                    push_layer: conv1/7x7_s2
                  push_spatial: (0, 0)
                     push_unit: (24, 0, 0)
     px_abs_benefit_percentile: 0
         px_benefit_percentile: 0
                     rand_seed: 0
         small_norm_percentile: 50.0
          small_val_percentile: 0
                      start_at: mean_plus_rand


FindResults:
                       best_ii: 20
                      best_obj: 21.6153
                       best_xx: (3, 224, 224) array [0.0, 0.0, ...]
                          dist: [1.02043931465e-14, 79.706506459, ..., 3271.07142171, 3271.09104286]
                        idxmax: [(32, 0, 2), (32, 0, 5), ..., (32, 0, 88), (32, 0, 88)]
                            ii: [0, 1, ..., 498, 499]
                         ismax: [False, False, ..., False, False]
                       last_ii: 499
                      last_obj: 13.4667
                       last_xx: (3, 224, 224) array [0.0, 0.0, ...]
                  majority_obj: None
                   majority_xx: None
                   meta_result: Metaresult: majority failure
                          norm: [20.5668045944, 4606.29634155, ..., 3200.55951824, 3200.5884905]
                           obj: [9.87795, 15.4074, ..., 12.6877, 13.4667]
                           std: [5.58935924311, 5.59150361529, ..., 6.46379568562, 6.46388728867]
                            x0: (3, 1, 1) array [17.6405234597, 4.00157208367, ...]

