FindParams:
                    blur_every: 4
                   blur_radius: 0.5
                         decay: 0
                     lr_params: {'max_lr': 100.0, 'desired_prog': 2.0}
                     lr_policy: progress
                      max_iter: 500
                  push_channel: 6
                      push_dir: 1
                    push_layer: conv1/7x7_s2
                  push_spatial: (0, 0)
                     push_unit: (6, 0, 0)
     px_abs_benefit_percentile: 0
         px_benefit_percentile: 0
                     rand_seed: 0
         small_norm_percentile: 50.0
          small_val_percentile: 0
                      start_at: mean_plus_rand


FindResults:
                       best_ii: 4
                      best_obj: 47.3722
                       best_xx: (3, 224, 224) array [18.9583100641, 18.1133393265, ...]
                          dist: [1.02043931465e-14, 58.1813221407, ..., 3270.41482164, 3270.41482164]
                        idxmax: [(32, 0, 2), (32, 0, 3), ..., (32, 0, 87), (32, 0, 87)]
                            ii: [0, 1, ..., 498, 499]
                         ismax: [False, False, ..., False, False]
                       last_ii: 499
                      last_obj: 0.0
                       last_xx: (3, 224, 224) array [0.0, 0.0, ...]
                  majority_obj: None
                   majority_xx: None
                   meta_result: Metaresult: majority failure
                          norm: [20.5668045944, 4606.60543263, ..., 3201.39539726, 3201.39539726]
                           obj: [20.9286, 42.6238, ..., 0.0, 0.0]
                           std: [5.58935924311, 5.5904737508, ..., 6.46452969413, 6.46452969413]
                            x0: (3, 1, 1) array [17.6405234597, 4.00157208367, ...]

