FindParams:
                    blur_every: 4
                   blur_radius: 0.5
                         decay: 0
                     lr_params: {'max_lr': 100.0, 'desired_prog': 2.0}
                     lr_policy: progress
                      max_iter: 500
                  push_channel: 8
                      push_dir: 1
                    push_layer: conv1/7x7_s2
                  push_spatial: (0, 0)
                     push_unit: (8, 0, 0)
     px_abs_benefit_percentile: 0
         px_benefit_percentile: 0
                     rand_seed: 0
         small_norm_percentile: 50.0
          small_val_percentile: 0
                      start_at: mean_plus_rand


FindResults:
                       best_ii: 496
                      best_obj: 69.4821
                       best_xx: (3, 224, 224) array [-29.9788724721, -69.5461061603, ...]
                          dist: [1.02043931465e-14, 68.8039104918, ..., 3355.46587104, 3356.28528978]
                        idxmax: [(32, 0, 2), (32, 0, 3), ..., (53, 2, 0), (53, 2, 0)]
                            ii: [0, 1, ..., 498, 499]
                         ismax: [False, False, ..., False, False]
                       last_ii: 499
                      last_obj: 68.8791
                       last_xx: (3, 224, 224) array [-31.5814492936, -67.5763243376, ...]
                  majority_obj: None
                   majority_xx: None
                   meta_result: Metaresult: majority failure
                          norm: [20.5668045944, 4606.50651607, ..., 3267.42162522, 3268.2435053]
                           obj: [2.23326, 6.13674, ..., 67.8521, 68.8791]
                           std: [5.58935924311, 5.59104721461, ..., 6.71158482083, 6.71426914832]
                            x0: (3, 1, 1) array [17.6405234597, 4.00157208367, ...]

