FindParams:
                    blur_every: 4
                   blur_radius: 0.5
                         decay: 0
                     lr_params: {'max_lr': 100.0, 'desired_prog': 2.0}
                     lr_policy: progress
                      max_iter: 500
                  push_channel: 60
                      push_dir: 1
                    push_layer: conv1/7x7_s2
                  push_spatial: (0, 0)
                     push_unit: (60, 0, 0)
     px_abs_benefit_percentile: 0
         px_benefit_percentile: 0
                     rand_seed: 0
         small_norm_percentile: 50.0
          small_val_percentile: 0
                      start_at: mean_plus_rand


FindResults:
                       best_ii: 496
                      best_obj: 58.1117
                       best_xx: (3, 224, 224) array [74.9231091935, 34.1727430835, ...]
                          dist: [1.02043931465e-14, 84.8566495865, ..., 3278.9627627, 3279.13024712]
                        idxmax: [(32, 0, 2), (32, 0, 5), ..., (32, 0, 88), (32, 0, 88)]
                            ii: [0, 1, ..., 498, 499]
                         ismax: [False, False, ..., False, False]
                       last_ii: 499
                      last_obj: 57.2038
                       last_xx: (3, 224, 224) array [74.1383417307, 35.1219929731, ...]
                  majority_obj: None
                   majority_xx: None
                   meta_result: Metaresult: majority failure
                          norm: [20.5668045944, 4606.20347936, ..., 3202.98721222, 3203.16870255]
                           obj: [1.35015, 9.58251, ..., 55.2723, 57.2038]
                           std: [5.58935924311, 5.59176244881, ..., 6.4788622698, 6.47945407009]
                            x0: (3, 1, 1) array [17.6405234597, 4.00157208367, ...]

