FindParams:
                    blur_every: 4
                   blur_radius: 0.5
                         decay: 0
                     lr_params: {'max_lr': 100.0, 'desired_prog': 2.0}
                     lr_policy: progress
                      max_iter: 500
                  push_channel: 50
                      push_dir: 1
                    push_layer: conv1/7x7_s2
                  push_spatial: (0, 0)
                     push_unit: (50, 0, 0)
     px_abs_benefit_percentile: 0
         px_benefit_percentile: 0
                     rand_seed: 0
         small_norm_percentile: 50.0
          small_val_percentile: 0
                      start_at: mean_plus_rand


FindResults:
                       best_ii: 8
                      best_obj: 18.3939
                       best_xx: (3, 224, 224) array [0.0, 0.0, ...]
                          dist: [1.02043931465e-14, 41.1626016432, ..., 3269.98368984, 3269.98368984]
                        idxmax: [(32, 0, 2), (32, 0, 2), ..., (32, 0, 88), (32, 0, 88)]
                            ii: [0, 1, ..., 498, 499]
                         ismax: [False, False, ..., False, False]
                       last_ii: 499
                      last_obj: 0.0
                       last_xx: (3, 224, 224) array [0.0, 0.0, ...]
                  majority_obj: None
                   majority_xx: None
                   meta_result: Metaresult: majority failure
                          norm: [20.5668045944, 4606.78638262, ..., 3202.90974853, 3202.90974853]
                           obj: [8.91608, 13.0994, ..., 0.0, 0.0]
                           std: [5.58935924311, 5.58996499792, ..., 6.46706093335, 6.46706093335]
                            x0: (3, 1, 1) array [17.6405234597, 4.00157208367, ...]

