FindParams:
                    blur_every: 4
                   blur_radius: 0.5
                         decay: 0
                     lr_params: {'max_lr': 100.0, 'desired_prog': 2.0}
                     lr_policy: progress
                      max_iter: 500
                  push_channel: 34
                      push_dir: 1
                    push_layer: conv1/7x7_s2
                  push_spatial: (0, 0)
                     push_unit: (34, 0, 0)
     px_abs_benefit_percentile: 0
         px_benefit_percentile: 0
                     rand_seed: 0
         small_norm_percentile: 50.0
          small_val_percentile: 0
                      start_at: mean_plus_rand


FindResults:
                       best_ii: 4
                      best_obj: 6.01373
                       best_xx: (3, 224, 224) array [0.0, 0.0, ...]
                          dist: [1.02043931465e-14, 116.347609759, ..., 3270.98807465, 3270.98807465]
                        idxmax: [(32, 0, 2), (32, 0, 5), ..., (32, 0, 88), (32, 0, 88)]
                            ii: [0, 1, ..., 498, 499]
                         ismax: [False, False, ..., False, False]
                       last_ii: 499
                      last_obj: 4.98979
                       last_xx: (3, 224, 224) array [0.0, 0.0, ...]
                  majority_obj: None
                   majority_xx: None
                   meta_result: Metaresult: majority failure
                          norm: [20.5668045944, 4605.49659557, ..., 3200.31977058, 3200.31977058]
                           obj: [0.0, 5.82048, ..., 4.98979, 4.98979]
                           std: [5.58935924311, 5.59384583923, ..., 6.46307312793, 6.46307312793]
                            x0: (3, 1, 1) array [17.6405234597, 4.00157208367, ...]

