FindParams:
                    blur_every: 4
                   blur_radius: 0.5
                         decay: 0
                     lr_params: {'max_lr': 100.0, 'desired_prog': 2.0}
                     lr_policy: progress
                      max_iter: 500
                  push_channel: 16
                      push_dir: 1
                    push_layer: conv1/7x7_s2
                  push_spatial: (0, 0)
                     push_unit: (16, 0, 0)
     px_abs_benefit_percentile: 0
         px_benefit_percentile: 0
                     rand_seed: 0
         small_norm_percentile: 50.0
          small_val_percentile: 0
                      start_at: mean_plus_rand


FindResults:
                       best_ii: 4
                      best_obj: 16.9713
                       best_xx: (3, 224, 224) array [18.5146031393, 0.0, ...]
                          dist: [1.02043931465e-14, 91.99244961, ..., 3270.82912173, 3270.82912173]
                        idxmax: [(32, 0, 2), (32, 0, 5), ..., (32, 0, 88), (32, 0, 88)]
                            ii: [0, 1, ..., 498, 499]
                         ismax: [False, False, ..., False, False]
                       last_ii: 499
                      last_obj: 4.47725
                       last_xx: (3, 224, 224) array [0.0, 0.0, ...]
                  majority_obj: None
                   majority_xx: None
                   meta_result: Metaresult: majority failure
                          norm: [20.5668045944, 4606.05944739, ..., 3200.68892317, 3200.68892317]
                           obj: [0.0, 14.6979, ..., 4.47725, 4.47725]
                           std: [5.58935924311, 5.5921745783, ..., 6.46362146155, 6.46362146155]
                            x0: (3, 1, 1) array [17.6405234597, 4.00157208367, ...]

