FindParams:
                    blur_every: 4
                   blur_radius: 0.5
                         decay: 0
                     lr_params: {'max_lr': 100.0, 'desired_prog': 2.0}
                     lr_policy: progress
                      max_iter: 500
                  push_channel: 22
                      push_dir: 1
                    push_layer: conv1/7x7_s2
                  push_spatial: (0, 0)
                     push_unit: (22, 0, 0)
     px_abs_benefit_percentile: 0
         px_benefit_percentile: 0
                     rand_seed: 0
         small_norm_percentile: 50.0
          small_val_percentile: 0
                      start_at: mean_plus_rand


FindResults:
                       best_ii: 12
                      best_obj: 31.0844
                       best_xx: (3, 224, 224) array [0.0, 18.3822668872, ...]
                          dist: [1.02043931465e-14, 29.1107268913, ..., 3274.6313097, 3274.6313097]
                        idxmax: [(32, 0, 2), (32, 0, 2), ..., (32, 0, 87), (32, 0, 87)]
                            ii: [0, 1, ..., 498, 499]
                         ismax: [False, False, ..., False, False]
                       last_ii: 499
                      last_obj: 0.0
                       last_xx: (3, 224, 224) array [0.0, 0.0, ...]
                  majority_obj: None
                   majority_xx: None
                   meta_result: Metaresult: majority failure
                          norm: [20.5668045944, 4606.8848558, ..., 3202.2242629, 3202.2242629]
                           obj: [10.819, 26.1912, ..., 0.0, 0.0]
                           std: [5.58935924311, 5.58963382028, ..., 6.47161452832, 6.47161452832]
                            x0: (3, 1, 1) array [17.6405234597, 4.00157208367, ...]

