FindParams:
                    blur_every: 4
                   blur_radius: 0.5
                         decay: 0
                     lr_params: {'max_lr': 100.0, 'desired_prog': 2.0}
                     lr_policy: progress
                      max_iter: 500
                  push_channel: 18
                      push_dir: 1
                    push_layer: conv1/7x7_s2
                  push_spatial: (0, 0)
                     push_unit: (18, 0, 0)
     px_abs_benefit_percentile: 0
         px_benefit_percentile: 0
                     rand_seed: 0
         small_norm_percentile: 50.0
          small_val_percentile: 0
                      start_at: mean_plus_rand


FindResults:
                       best_ii: 496
                      best_obj: 48.075
                       best_xx: (3, 224, 224) array [-3.19393469564, 0.0, ...]
                          dist: [1.02043931465e-14, 89.7157554058, ..., 3279.26309393, 3279.44955453]
                        idxmax: [(32, 0, 2), (32, 0, 5), ..., (54, 1, 1), (54, 1, 1)]
                            ii: [0, 1, ..., 498, 499]
                         ismax: [False, False, ..., False, False]
                       last_ii: 499
                      last_obj: 47.7249
                       last_xx: (3, 224, 224) array [-3.65481449301, -0.496792807563, ...]
                  majority_obj: None
                   majority_xx: None
                   meta_result: Metaresult: majority failure
                          norm: [20.5668045944, 4606.11733334, ..., 3202.51751795, 3202.71448068]
                           obj: [7.21755, 13.8369, ..., 46.2036, 47.7249]
                           std: [5.58935924311, 5.59202926903, ..., 6.4770510591, 6.47767218572]
                            x0: (3, 1, 1) array [17.6405234597, 4.00157208367, ...]

