FindParams:
                    blur_every: 4
                   blur_radius: 0.5
                         decay: 0
                     lr_params: {'max_lr': 100.0, 'desired_prog': 2.0}
                     lr_policy: progress
                      max_iter: 500
                  push_channel: 7
                      push_dir: 1
                    push_layer: fc8-20
                  push_spatial: (0, 0)
                     push_unit: (7, 0, 0)
     px_abs_benefit_percentile: 0
         px_benefit_percentile: 0
                     rand_seed: 0
         small_norm_percentile: 50.0
          small_val_percentile: 0
                      start_at: mean_plus_rand


FindResults:
                       best_ii: 496
                      best_obj: 23.9094
                       best_xx: (3, 224, 224) array [2.14606730267, 1.90127913346, ...]
                          dist: [1.02043931465e-14, 3257.61592612, ..., 4364.76830304, 4364.60911424]
                        idxmax: [(12, 0, 0), (20, 0, 0), ..., (7, 0, 0), (7, 0, 0)]
                            ii: [0, 1, ..., 498, 499]
                         ismax: [False, False, ..., True, True]
                       last_ii: 499
                      last_obj: 23.7493
                       last_xx: (3, 224, 224) array [2.12901236356, 1.88717318947, ...]
                   majority_ii: 20
                  majority_obj: 5.80175
                   majority_xx: (3, 224, 224) array [0.0, 12.7556422627, ...]
                   meta_result: Metaresult: majority success
                          norm: [20.5668045944, 3258.26050186, ..., 519.774995786, 521.654590196]
                           obj: [-2.15347, -1.09516, ..., 23.5929, 23.7493]
                           std: [5.58935924311, 6.56293999699, ..., 1.19214388083, 1.1970388652]
                            x0: (3, 1, 1) array [17.6405234597, 4.00157208367, ...]

