FindParams:
                    blur_every: 4
                   blur_radius: 0.5
                         decay: 0
                     lr_params: {'max_lr': 100.0, 'desired_prog': 2.0}
                     lr_policy: progress
                      max_iter: 500
                  push_channel: 13
                      push_dir: 1
                    push_layer: fc8-20
                  push_spatial: (0, 0)
                     push_unit: (13, 0, 0)
     px_abs_benefit_percentile: 0
         px_benefit_percentile: 0
                     rand_seed: 0
         small_norm_percentile: 50.0
          small_val_percentile: 0
                      start_at: mean_plus_rand


FindResults:
                       best_ii: 496
                      best_obj: 23.9238
                       best_xx: (3, 224, 224) array [0.0, 0.0, ...]
                          dist: [1.02043931465e-14, 3257.61598457, ..., 4387.99591907, 4387.73296738]
                        idxmax: [(12, 0, 0), (20, 0, 0), ..., (13, 0, 0), (13, 0, 0)]
                            ii: [0, 1, ..., 498, 499]
                         ismax: [False, False, ..., True, True]
                       last_ii: 499
                      last_obj: 23.7344
                       last_xx: (3, 224, 224) array [0.0, 0.0, ...]
                   majority_ii: 8
                  majority_obj: 6.39261
                   majority_xx: (3, 224, 224) array [0.0, 12.4913556427, ...]
                   meta_result: Metaresult: majority success
                          norm: [20.5668045944, 3258.3217626, ..., 462.87865026, 464.557909172]
                           obj: [-2.32496, 0.987077, ..., 23.3752, 23.7344]
                           std: [5.58935924311, 6.56300198067, ..., 1.0591097779, 1.06341804241]
                            x0: (3, 1, 1) array [17.6405234597, 4.00157208367, ...]

