FindParams:
                    blur_every: 4
                   blur_radius: 0.5
                         decay: 0
                     lr_params: {'max_lr': 100.0, 'desired_prog': 2.0}
                     lr_policy: progress
                      max_iter: 500
                  push_channel: 0
                      push_dir: 1
                    push_layer: fc8-20
                  push_spatial: (0, 0)
                     push_unit: (0, 0, 0)
     px_abs_benefit_percentile: 0
         px_benefit_percentile: 0
                     rand_seed: 0
         small_norm_percentile: 50.0
          small_val_percentile: 0
                      start_at: mean_plus_rand


FindResults:
                       best_ii: 488
                      best_obj: 22.6852
                       best_xx: (3, 224, 224) array [0.0, 0.0, ...]
                          dist: [1.02043931465e-14, 3257.61605114, ..., 4376.90615434, 4376.75480082]
                        idxmax: [(12, 0, 0), (20, 0, 0), ..., (0, 0, 0), (0, 0, 0)]
                            ii: [0, 1, ..., 498, 499]
                         ismax: [False, False, ..., True, True]
                       last_ii: 499
                      last_obj: 22.6663
                       last_xx: (3, 224, 224) array [0.0, 0.0, ...]
                   majority_ii: 31
                  majority_obj: 7.21172
                   majority_xx: (3, 224, 224) array [0.0, 6.84528612145, ...]
                   meta_result: Metaresult: majority success
                          norm: [20.5668045944, 3258.29948051, ..., 478.551851074, 480.164618463]
                           obj: [-2.08882, -3.90627, ..., 22.5172, 22.6663]
                           std: [5.58935924311, 6.56296092277, ..., 1.08754721798, 1.09181195768]
                            x0: (3, 1, 1) array [17.6405234597, 4.00157208367, ...]

