FindParams:
                    blur_every: 4
                   blur_radius: 0.5
                         decay: 0
                     lr_params: {'max_lr': 100.0, 'desired_prog': 2.0}
                     lr_policy: progress
                      max_iter: 500
                  push_channel: 3
                      push_dir: 1
                    push_layer: fc8-20
                  push_spatial: (0, 0)
                     push_unit: (3, 0, 0)
     px_abs_benefit_percentile: 0
         px_benefit_percentile: 0
                     rand_seed: 0
         small_norm_percentile: 50.0
          small_val_percentile: 0
                      start_at: mean_plus_rand


FindResults:
                       best_ii: 492
                      best_obj: 18.4538
                       best_xx: (3, 224, 224) array [0.0, 0.0, ...]
                          dist: [1.02043931465e-14, 3257.61575927, ..., 4374.70687851, 4374.48916682]
                        idxmax: [(12, 0, 0), (20, 0, 0), ..., (3, 0, 0), (3, 0, 0)]
                            ii: [0, 1, ..., 498, 499]
                         ismax: [False, False, ..., True, True]
                       last_ii: 499
                      last_obj: 18.3927
                       last_xx: (3, 224, 224) array [0.0, 0.0, ...]
                   majority_ii: 11
                  majority_obj: 6.36391
                   majority_xx: (3, 224, 224) array [11.3573242097, 0.0, ...]
                   meta_result: Metaresult: majority success
                          norm: [20.5668045944, 3258.02873236, ..., 470.000416421, 471.358827978]
                           obj: [-0.205123, 4.33829, ..., 18.2235, 18.3927]
                           std: [5.58935924311, 6.56258588612, ..., 1.06528924098, 1.06876660221]
                            x0: (3, 1, 1) array [17.6405234597, 4.00157208367, ...]

