FindParams:
                    blur_every: 4
                   blur_radius: 0.5
                         decay: 0
                     lr_params: {'max_lr': 100.0, 'desired_prog': 2.0}
                     lr_policy: progress
                      max_iter: 500
                  push_channel: 12
                      push_dir: 1
                    push_layer: fc8-20
                  push_spatial: (0, 0)
                     push_unit: (12, 0, 0)
     px_abs_benefit_percentile: 0
         px_benefit_percentile: 0
                     rand_seed: 0
         small_norm_percentile: 50.0
          small_val_percentile: 0
                      start_at: mean_plus_rand


FindResults:
                       best_ii: 476
                      best_obj: 20.2996
                       best_xx: (3, 224, 224) array [0.0, 0.414095864443, ...]
                          dist: [1.02043931465e-14, 3257.61676161, ..., 4388.00852113, 4387.84267544]
                        idxmax: [(12, 0, 0), (20, 0, 0), ..., (12, 0, 0), (12, 0, 0)]
                            ii: [0, 1, ..., 498, 499]
                         ismax: [True, False, ..., True, True]
                       last_ii: 499
                      last_obj: 20.1953
                       last_xx: (3, 224, 224) array [0.0, 0.386165190199, ...]
                   majority_ii: 0
                  majority_obj: 5.83664
                   majority_xx: (3, 1, 1) array [17.6405234597, 4.00157208367, ...]
                   meta_result: Metaresult: majority success
                          norm: [20.5668045944, 3258.69578766, ..., 456.839439682, 458.262565121]
                           obj: [5.83664, 5.26472, ..., 20.0755, 20.1953]
                           std: [5.58935924311, 6.56356110809, ..., 1.05301977222, 1.05669236794]
                            x0: (3, 1, 1) array [17.6405234597, 4.00157208367, ...]

