FindParams:
                    blur_every: 4
                   blur_radius: 0.5
                         decay: 0
                     lr_params: {'max_lr': 100.0, 'desired_prog': 2.0}
                     lr_policy: progress
                      max_iter: 500
                  push_channel: 5
                      push_dir: 1
                    push_layer: fc8-20
                  push_spatial: (0, 0)
                     push_unit: (5, 0, 0)
     px_abs_benefit_percentile: 0
         px_benefit_percentile: 0
                     rand_seed: 0
         small_norm_percentile: 50.0
          small_val_percentile: 0
                      start_at: mean_plus_rand


FindResults:
                       best_ii: 492
                      best_obj: 22.5317
                       best_xx: (3, 224, 224) array [5.59457394871, 5.0077145545, ...]
                          dist: [1.02043931465e-14, 3257.61692146, ..., 4367.49446817, 4367.30262908]
                        idxmax: [(12, 0, 0), (20, 0, 0), ..., (5, 0, 0), (5, 0, 0)]
                            ii: [0, 1, ..., 498, 499]
                         ismax: [False, False, ..., True, True]
                       last_ii: 499
                      last_obj: 22.1943
                       last_xx: (3, 224, 224) array [5.5185913245, 4.96884267488, ...]
                   majority_ii: 31
                  majority_obj: 3.91827
                   majority_xx: (3, 224, 224) array [17.1736982556, 15.5319857204, ...]
                   meta_result: Metaresult: majority success
                          norm: [20.5668045944, 3258.9373181, ..., 511.661893947, 514.027885047]
                           obj: [2.47427, -6.0697, ..., 22.0617, 22.1943]
                           std: [5.58935924311, 6.56388992084, ..., 1.17873926502, 1.18496733398]
                            x0: (3, 1, 1) array [17.6405234597, 4.00157208367, ...]

