FindParams:
                    blur_every: 4
                   blur_radius: 0.5
                         decay: 0
                     lr_params: {'max_lr': 100.0, 'desired_prog': 2.0}
                     lr_policy: progress
                      max_iter: 500
                  push_channel: 17
                      push_dir: 1
                    push_layer: fc8-20
                  push_spatial: (0, 0)
                     push_unit: (17, 0, 0)
     px_abs_benefit_percentile: 0
         px_benefit_percentile: 0
                     rand_seed: 0
         small_norm_percentile: 50.0
          small_val_percentile: 0
                      start_at: mean_plus_rand


FindResults:
                       best_ii: 488
                      best_obj: 20.9054
                       best_xx: (3, 224, 224) array [0.0, 0.0, ...]
                          dist: [1.02043931465e-14, 3257.61713678, ..., 4379.55953722, 4379.50730537]
                        idxmax: [(12, 0, 0), (20, 0, 0), ..., (17, 0, 0), (17, 0, 0)]
                            ii: [0, 1, ..., 498, 499]
                         ismax: [False, False, ..., True, True]
                       last_ii: 499
                      last_obj: 20.6657
                       last_xx: (3, 224, 224) array [0.0, 0.0, ...]
                   majority_ii: 84
                  majority_obj: 7.27181
                   majority_xx: (3, 224, 224) array [0.0, 2.96214086608, ...]
                   meta_result: Metaresult: majority success
                          norm: [20.5668045944, 3258.89074051, ..., 498.675942821, 500.124090367]
                           obj: [4.23444, -4.68382, ..., 20.5061, 20.6657]
                           std: [5.58935924311, 6.56392985439, ..., 1.15680968749, 1.16071428787]
                            x0: (3, 1, 1) array [17.6405234597, 4.00157208367, ...]

