FindParams:
                    blur_every: 4
                   blur_radius: 0.5
                         decay: 0
                     lr_params: {'max_lr': 100.0, 'desired_prog': 2.0}
                     lr_policy: progress
                      max_iter: 500
                  push_channel: 4
                      push_dir: 1
                    push_layer: fc8-20
                  push_spatial: (0, 0)
                     push_unit: (4, 0, 0)
     px_abs_benefit_percentile: 0
         px_benefit_percentile: 0
                     rand_seed: 0
         small_norm_percentile: 50.0
          small_val_percentile: 0
                      start_at: mean_plus_rand


FindResults:
                       best_ii: 496
                      best_obj: 21.8362
                       best_xx: (3, 224, 224) array [0.0, 0.0, ...]
                          dist: [1.02043931465e-14, 3257.61624032, ..., 4400.3498593, 4400.18187001]
                        idxmax: [(12, 0, 0), (20, 0, 0), ..., (4, 0, 0), (4, 0, 0)]
                            ii: [0, 1, ..., 498, 499]
                         ismax: [False, False, ..., True, True]
                       last_ii: 499
                      last_obj: 21.7631
                       last_xx: (3, 224, 224) array [0.0, 0.0, ...]
                   majority_ii: 88
                  majority_obj: 8.16162
                   majority_xx: (3, 224, 224) array [0.0, 1.46628565825, ...]
                   meta_result: Metaresult: majority success
                          norm: [20.5668045944, 3258.47198537, ..., 441.146146997, 442.727568999]
                           obj: [-2.10414, -3.57491, ..., 21.5759, 21.7631]
                           std: [5.58935924311, 6.56323627264, ..., 1.0155416925, 1.01968458799]
                            x0: (3, 1, 1) array [17.6405234597, 4.00157208367, ...]

