FindParams:
                    blur_every: 4
                   blur_radius: 0.5
                         decay: 0
                     lr_params: {'max_lr': 100.0, 'desired_prog': 2.0}
                     lr_policy: progress
                      max_iter: 500
                  push_channel: 15
                      push_dir: 1
                    push_layer: fc8-20
                  push_spatial: (0, 0)
                     push_unit: (15, 0, 0)
     px_abs_benefit_percentile: 0
         px_benefit_percentile: 0
                     rand_seed: 0
         small_norm_percentile: 50.0
          small_val_percentile: 0
                      start_at: mean_plus_rand


FindResults:
                       best_ii: 491
                      best_obj: 26.4464
                       best_xx: (3, 224, 224) array [0.0, 0.0, ...]
                          dist: [1.02043931465e-14, 3257.61592379, ..., 4382.31729147, 4382.1557452]
                        idxmax: [(12, 0, 0), (20, 0, 0), ..., (15, 0, 0), (15, 0, 0)]
                            ii: [0, 1, ..., 498, 499]
                         ismax: [False, False, ..., True, True]
                       last_ii: 499
                      last_obj: 26.4179
                       last_xx: (3, 224, 224) array [0.0, 0.0, ...]
                   majority_ii: 36
                  majority_obj: 8.55849
                   majority_xx: (3, 224, 224) array [5.84002422313, 0.0, ...]
                   meta_result: Metaresult: majority success
                          norm: [20.5668045944, 3258.21191961, ..., 488.842444835, 490.894718179]
                           obj: [-0.202764, -1.89241, ..., 26.2202, 26.4179]
                           std: [5.58935924311, 6.56281926254, ..., 1.11894234803, 1.12438808462]
                            x0: (3, 1, 1) array [17.6405234597, 4.00157208367, ...]

