FindParams:
                    blur_every: 4
                   blur_radius: 0.5
                         decay: 0
                     lr_params: {'max_lr': 100.0, 'desired_prog': 2.0}
                     lr_policy: progress
                      max_iter: 500
                  push_channel: 9
                      push_dir: 1
                    push_layer: fc8-20
                  push_spatial: (0, 0)
                     push_unit: (9, 0, 0)
     px_abs_benefit_percentile: 0
         px_benefit_percentile: 0
                     rand_seed: 0
         small_norm_percentile: 50.0
          small_val_percentile: 0
                      start_at: mean_plus_rand


FindResults:
                       best_ii: 496
                      best_obj: 22.3312
                       best_xx: (3, 224, 224) array [5.06410952789, 5.04358799606, ...]
                          dist: [1.02043931465e-14, 3257.61593915, ..., 4381.53541515, 4381.43865101]
                        idxmax: [(12, 0, 0), (20, 0, 0), ..., (9, 0, 0), (9, 0, 0)]
                            ii: [0, 1, ..., 498, 499]
                         ismax: [False, False, ..., True, True]
                       last_ii: 499
                      last_obj: 22.1733
                       last_xx: (3, 224, 224) array [5.02961901928, 5.00443544563, ...]
                   majority_ii: 68
                  majority_obj: 7.13136
                   majority_xx: (3, 224, 224) array [12.6692734521, 13.1225732344, ...]
                   meta_result: Metaresult: majority success
                          norm: [20.5668045944, 3258.26358902, ..., 498.454723438, 501.184154409]
                           obj: [1.34425, 0.0204671, ..., 21.8266, 22.1733]
                           std: [5.58935924311, 6.56290754233, ..., 1.15287796629, 1.16023128116]
                            x0: (3, 1, 1) array [17.6405234597, 4.00157208367, ...]

