FindParams:
                    blur_every: 0
                   blur_radius: 0
                         decay: 0.3
                     lr_params: {'lr': 100.0}
                     lr_policy: constant
                      max_iter: 750
                  push_channel: 313
                      push_dir: 1
                    push_layer: inception_5b/1x1
                  push_spatial: (0, 0)
                     push_unit: (313, 0, 0)
     px_abs_benefit_percentile: 0
         px_benefit_percentile: 0
                     rand_seed: 0
         small_norm_percentile: 20.0
          small_val_percentile: 0
                      start_at: mean_plus_rand


FindResults:
                       best_ii: 729
                      best_obj: 5.24996
                       best_xx: (3, 224, 224) array [0.00542816281796, -0.0114770516675, ...]
                          dist: [1.02043931465e-14, 2402.61686809, ..., 4607.19360618, 4607.15899129]
                        idxmax: [(217, 4, 2), (184, 1, 1), ..., (91, 0, 0), (356, 0, 0)]
                            ii: [0, 1, ..., 748, 749]
                         ismax: [False, False, ..., False, False]
                       last_ii: 749
                      last_obj: 4.20996
                       last_xx: (3, 224, 224) array [0.0438620726398, -0.0625316047201, ...]
                   majority_ii: 148
                  majority_obj: 4.34103
                   majority_xx: (3, 224, 224) array [0.00272917186098, -0.0327783309706, ...]
                   meta_result: Metaresult: majority success
                          norm: [20.5668045944, 2884.55122578, ..., 60.0585357619, 55.311778481]
                           obj: [0.0, 0.0555266, ..., 2.99309, 4.20996]
                           std: [5.58935924311, 4.56639865619, ..., 0.154798263271, 0.142563704567]
                            x0: (3, 1, 1) array [17.6405234597, 4.00157208367, ...]

