FindParams:
                    blur_every: 0
                   blur_radius: 0
                         decay: 0.3
                     lr_params: {'lr': 100.0}
                     lr_policy: constant
                      max_iter: 750
                  push_channel: 350
                      push_dir: 1
                    push_layer: inception_5b/1x1
                  push_spatial: (0, 0)
                     push_unit: (350, 0, 0)
     px_abs_benefit_percentile: 0
         px_benefit_percentile: 0
                     rand_seed: 0
         small_norm_percentile: 20.0
          small_val_percentile: 0
                      start_at: mean_plus_rand


FindResults:
                       best_ii: 627
                      best_obj: 4.30776
                       best_xx: (3, 224, 224) array [-0.00540133644407, 0.00118128190375, ...]
                          dist: [1.02043931465e-14, 2402.61840202, ..., 4607.01182216, 4606.97729709]
                        idxmax: [(217, 4, 2), (184, 1, 1), ..., (350, 0, 1), (350, 0, 0)]
                            ii: [0, 1, ..., 748, 749]
                         ismax: [False, False, ..., False, True]
                       last_ii: 749
                      last_obj: 3.88597
                       last_xx: (3, 224, 224) array [-0.0250947909534, -0.0173116785884, ...]
                   majority_ii: 16
                  majority_obj: 3.32965
                   majority_xx: (3, 224, 224) array [0.0, 0.0618489136354, ...]
                   meta_result: Metaresult: majority success
                          norm: [20.5668045944, 2884.54834396, ..., 33.8002032193, 29.644937271]
                           obj: [0.0, 0.447401, ..., 3.9357, 3.88597]
                           std: [5.58935924311, 4.56639183417, ..., 0.0871185493962, 0.0764085364559]
                            x0: (3, 1, 1) array [17.6405234597, 4.00157208367, ...]

