FindParams:
                    blur_every: 0
                   blur_radius: 0
                         decay: 0.3
                     lr_params: {'lr': 100.0}
                     lr_policy: constant
                      max_iter: 750
                  push_channel: 340
                      push_dir: 1
                    push_layer: inception_5b/1x1
                  push_spatial: (0, 0)
                     push_unit: (340, 0, 0)
     px_abs_benefit_percentile: 0
         px_benefit_percentile: 0
                     rand_seed: 0
         small_norm_percentile: 20.0
          small_val_percentile: 0
                      start_at: mean_plus_rand


FindResults:
                       best_ii: 498
                      best_obj: 4.06253
                       best_xx: (3, 224, 224) array [-0.00253507891152, -0.0661974309339, ...]
                          dist: [1.02043931465e-14, 2402.60282718, ..., 4606.9814676, 4606.9740412]
                        idxmax: [(217, 4, 2), (359, 1, 1), ..., (340, 0, 0), (30, 0, 0)]
                            ii: [0, 1, ..., 748, 749]
                         ismax: [False, False, ..., True, False]
                       last_ii: 749
                      last_obj: 2.46977
                       last_xx: (3, 224, 224) array [-0.00387012858216, 0.0236821449753, ...]
                   majority_ii: 250
                  majority_obj: 3.51138
                   majority_xx: (3, 224, 224) array [-0.0103404931714, 0.0306884231908, ...]
                   meta_result: Metaresult: majority success
                          norm: [20.5668045944, 2884.57942551, ..., 36.3044648961, 32.3423380049]
                           obj: [0.36557, 1.12754, ..., 3.94716, 2.46977]
                           std: [5.58935924311, 4.56639926571, ..., 0.0935731806672, 0.0833609647001]
                            x0: (3, 1, 1) array [17.6405234597, 4.00157208367, ...]

