FindParams:
                    blur_every: 0
                   blur_radius: 0
                         decay: 0.3
                     lr_params: {'lr': 100.0}
                     lr_policy: constant
                      max_iter: 750
                  push_channel: 316
                      push_dir: 1
                    push_layer: inception_5b/1x1
                  push_spatial: (0, 0)
                     push_unit: (316, 0, 0)
     px_abs_benefit_percentile: 0
         px_benefit_percentile: 0
                     rand_seed: 0
         small_norm_percentile: 20.0
          small_val_percentile: 0
                      start_at: mean_plus_rand


FindResults:
                       best_ii: 254
                      best_obj: 5.05291
                       best_xx: (3, 224, 224) array [0.00823357889215, 0.228520802728, ...]
                          dist: [1.02043931465e-14, 2402.61418893, ..., 4607.18214362, 4607.15521485]
                        idxmax: [(217, 4, 2), (184, 1, 1), ..., (316, 0, 0), (316, 0, 1)]
                            ii: [0, 1, ..., 748, 749]
                         ismax: [False, False, ..., True, False]
                       last_ii: 749
                      last_obj: 3.82472
                       last_xx: (3, 224, 224) array [-0.0142927525089, 0.0217201747145, ...]
                   majority_ii: 69
                  majority_obj: 3.28484
                   majority_xx: (3, 224, 224) array [0.0246344463865, -0.0223799321222, ...]
                   meta_result: Metaresult: majority success
                          norm: [20.5668045944, 2884.55697767, ..., 52.2861148639, 49.6190580573]
                           obj: [0.0, 0.0, ..., 3.82889, 3.82472]
                           std: [5.58935924311, 4.56638891302, ..., 0.134765181662, 0.127890918724]
                            x0: (3, 1, 1) array [17.6405234597, 4.00157208367, ...]

