FindParams:
                    blur_every: 0
                   blur_radius: 0
                         decay: 0.3
                     lr_params: {'lr': 100.0}
                     lr_policy: constant
                      max_iter: 750
                  push_channel: 304
                      push_dir: 1
                    push_layer: inception_5b/1x1
                  push_spatial: (0, 0)
                     push_unit: (304, 0, 0)
     px_abs_benefit_percentile: 0
         px_benefit_percentile: 0
                     rand_seed: 0
         small_norm_percentile: 20.0
          small_val_percentile: 0
                      start_at: mean_plus_rand


FindResults:
                       best_ii: 360
                      best_obj: 6.74474
                       best_xx: (3, 224, 224) array [-0.00843748200332, 0.0118801110406, ...]
                          dist: [1.02043931465e-14, 2402.57364893, ..., 4607.18025586, 4607.13560659]
                        idxmax: [(217, 4, 2), (184, 0, 1), ..., (304, 0, 0), (304, 0, 0)]
                            ii: [0, 1, ..., 748, 749]
                         ismax: [False, False, ..., True, True]
                       last_ii: 749
                      last_obj: 5.63929
                       last_xx: (3, 224, 224) array [-0.00237835972079, -0.00581454412581, ...]
                   majority_ii: 8
                  majority_obj: 3.74888
                   majority_xx: (3, 224, 224) array [0.995325818894, 0.0, ...]
                   meta_result: Metaresult: majority success
                          norm: [20.5668045944, 2884.63743688, ..., 46.0853809002, 40.8185937623]
                           obj: [0.0, 0.0, ..., 5.56494, 5.63929]
                           std: [5.58935924311, 4.56642567539, ..., 0.118783051855, 0.105208121641]
                            x0: (3, 1, 1) array [17.6405234597, 4.00157208367, ...]

