FindParams:
                    blur_every: 0
                   blur_radius: 0
                         decay: 0.3
                     lr_params: {'lr': 100.0}
                     lr_policy: constant
                      max_iter: 750
                  push_channel: 368
                      push_dir: 1
                    push_layer: inception_5b/1x1
                  push_spatial: (0, 0)
                     push_unit: (368, 0, 0)
     px_abs_benefit_percentile: 0
         px_benefit_percentile: 0
                     rand_seed: 0
         small_norm_percentile: 20.0
          small_val_percentile: 0
                      start_at: mean_plus_rand


FindResults:
                       best_ii: 236
                      best_obj: 4.5651
                       best_xx: (3, 224, 224) array [-0.00952917859661, 0.025376175892, ...]
                          dist: [1.02043931465e-14, 2402.59988065, ..., 4607.12725585, 4607.08872371]
                        idxmax: [(217, 4, 2), (184, 1, 1), ..., (368, 0, 0), (368, 0, 0)]
                            ii: [0, 1, ..., 748, 749]
                         ismax: [False, False, ..., True, True]
                       last_ii: 749
                      last_obj: 4.09102
                       last_xx: (3, 224, 224) array [-0.0531561760341, 0.022984187588, ...]
                   majority_ii: 27
                  majority_obj: 3.78866
                   majority_xx: (3, 224, 224) array [-0.0204106619182, -0.0384710601466, ...]
                   meta_result: Metaresult: majority success
                          norm: [20.5668045944, 2884.58474334, ..., 47.7124675384, 37.676012749]
                           obj: [0.0275052, 1.36388, ..., 4.33169, 4.09102]
                           std: [5.58935924311, 4.5663822568, ..., 0.122976740888, 0.0971081974818]
                            x0: (3, 1, 1) array [17.6405234597, 4.00157208367, ...]

