FindParams:
                    blur_every: 0
                   blur_radius: 0
                         decay: 0.3
                     lr_params: {'lr': 100.0}
                     lr_policy: constant
                      max_iter: 750
                  push_channel: 312
                      push_dir: 1
                    push_layer: inception_5b/1x1
                  push_spatial: (0, 0)
                     push_unit: (312, 0, 0)
     px_abs_benefit_percentile: 0
         px_benefit_percentile: 0
                     rand_seed: 0
         small_norm_percentile: 20.0
          small_val_percentile: 0
                      start_at: mean_plus_rand


FindResults:
                       best_ii: 706
                      best_obj: 3.89103
                       best_xx: (3, 224, 224) array [-0.0311130578231, -0.028949848369, ...]
                          dist: [1.02043931465e-14, 2402.59985048, ..., 4607.19570201, 4607.14891458]
                        idxmax: [(217, 4, 2), (184, 1, 1), ..., (274, 2, 1), (274, 1, 0)]
                            ii: [0, 1, ..., 748, 749]
                         ismax: [False, False, ..., False, False]
                       last_ii: 749
                      last_obj: 3.44451
                       last_xx: (3, 224, 224) array [-0.000111634139273, -0.0218792359888, ...]
                  majority_obj: None
                   majority_xx: None
                   meta_result: Metaresult: majority failure
                          norm: [20.5668045944, 2884.58513174, ..., 56.1473516406, 55.631124968]
                           obj: [0.0, 0.0, ..., 2.24736, 3.44451]
                           std: [5.58935924311, 4.56639029258, ..., 0.144717344535, 0.143386738183]
                            x0: (3, 1, 1) array [17.6405234597, 4.00157208367, ...]

