FindParams:
                    blur_every: 0
                   blur_radius: 0
                         decay: 0.3
                     lr_params: {'lr': 100.0}
                     lr_policy: constant
                      max_iter: 750
                  push_channel: 311
                      push_dir: 1
                    push_layer: inception_5b/1x1
                  push_spatial: (0, 0)
                     push_unit: (311, 0, 0)
     px_abs_benefit_percentile: 0
         px_benefit_percentile: 0
                     rand_seed: 0
         small_norm_percentile: 20.0
          small_val_percentile: 0
                      start_at: mean_plus_rand


FindResults:
                       best_ii: 518
                      best_obj: 5.77456
                       best_xx: (3, 224, 224) array [-0.00571791892973, -0.0130098860635, ...]
                          dist: [1.02043931465e-14, 2402.56766989, ..., 4606.95401724, 4606.95354594]
                        idxmax: [(217, 4, 2), (184, 1, 1), ..., (311, 0, 0), (311, 0, 0)]
                            ii: [0, 1, ..., 748, 749]
                         ismax: [False, False, ..., True, True]
                       last_ii: 749
                      last_obj: 5.29501
                       last_xx: (3, 224, 224) array [0.000873822590663, -0.0073031776343, ...]
                   majority_ii: 26
                  majority_obj: 4.10199
                   majority_xx: (3, 224, 224) array [0.0157677350823, 0.00520809755484, ...]
                   meta_result: Metaresult: majority success
                          norm: [20.5668045944, 2884.64922434, ..., 37.4238349831, 38.717103717]
                           obj: [0.830167, 0.644671, ..., 5.12339, 5.29501]
                           std: [5.58935924311, 4.56640784767, ..., 0.0964582463261, 0.0997915899835]
                            x0: (3, 1, 1) array [17.6405234597, 4.00157208367, ...]

