FindParams:
                    blur_every: 0
                   blur_radius: 0
                         decay: 0.3
                     lr_params: {'lr': 100.0}
                     lr_policy: constant
                      max_iter: 750
                  push_channel: 357
                      push_dir: 1
                    push_layer: inception_5b/1x1
                  push_spatial: (0, 0)
                     push_unit: (357, 0, 0)
     px_abs_benefit_percentile: 0
         px_benefit_percentile: 0
                     rand_seed: 0
         small_norm_percentile: 20.0
          small_val_percentile: 0
                      start_at: mean_plus_rand


FindResults:
                       best_ii: 572
                      best_obj: 3.84424
                       best_xx: (3, 224, 224) array [-0.00833535866684, 0.0191185643259, ...]
                          dist: [1.02043931465e-14, 2402.62877544, ..., 4606.94967827, 4606.98301167]
                        idxmax: [(217, 4, 2), (184, 1, 0), ..., (235, 0, 1), (144, 1, 1)]
                            ii: [0, 1, ..., 748, 749]
                         ismax: [False, False, ..., False, False]
                       last_ii: 749
                      last_obj: 2.15643
                       last_xx: (3, 224, 224) array [-0.000250995287345, -0.00258410265154, ...]
                  majority_obj: None
                   majority_xx: None
                   meta_result: Metaresult: majority failure
                          norm: [20.5668045944, 2884.52801403, ..., 39.0719630654, 42.1445547775]
                           obj: [0.0, 0.0, ..., 3.12092, 2.15643]
                           std: [5.58935924311, 4.56637278802, ..., 0.100706232265, 0.108625740498]
                            x0: (3, 1, 1) array [17.6405234597, 4.00157208367, ...]

