FindParams:
                    blur_every: 0
                   blur_radius: 0
                         decay: 0.3
                     lr_params: {'lr': 100.0}
                     lr_policy: constant
                      max_iter: 750
                  push_channel: 339
                      push_dir: 1
                    push_layer: inception_5b/1x1
                  push_spatial: (0, 0)
                     push_unit: (339, 0, 0)
     px_abs_benefit_percentile: 0
         px_benefit_percentile: 0
                     rand_seed: 0
         small_norm_percentile: 20.0
          small_val_percentile: 0
                      start_at: mean_plus_rand


FindResults:
                       best_ii: 410
                      best_obj: 1.69509
                       best_xx: (3, 224, 224) array [0.00827939241752, -0.00990190181538, ...]
                          dist: [1.02043931465e-14, 2402.6028203, ..., 4607.01621485, 4606.93616257]
                        idxmax: [(217, 4, 2), (359, 1, 0), ..., (306, 0, 1), (299, 1, 0)]
                            ii: [0, 1, ..., 748, 749]
                         ismax: [False, False, ..., False, False]
                       last_ii: 749
                      last_obj: 1.5254
                       last_xx: (3, 224, 224) array [0.00346782643075, -0.00739904192073, ...]
                  majority_obj: None
                   majority_xx: None
                   meta_result: Metaresult: majority failure
                          norm: [20.5668045944, 2884.5789077, ..., 40.973436439, 33.0173475313]
                           obj: [0.0, 0.0, ..., 1.30518, 1.5254]
                           std: [5.58935924311, 4.56641705049, ..., 0.10560724156, 0.0851007785999]
                            x0: (3, 1, 1) array [17.6405234597, 4.00157208367, ...]

