FindParams:
                    blur_every: 0
                   blur_radius: 0
                         decay: 0.3
                     lr_params: {'lr': 100.0}
                     lr_policy: constant
                      max_iter: 750
                  push_channel: 382
                      push_dir: 1
                    push_layer: inception_5b/1x1
                  push_spatial: (0, 0)
                     push_unit: (382, 0, 0)
     px_abs_benefit_percentile: 0
         px_benefit_percentile: 0
                     rand_seed: 0
         small_norm_percentile: 20.0
          small_val_percentile: 0
                      start_at: mean_plus_rand


FindResults:
                       best_ii: 117
                      best_obj: 4.10698
                       best_xx: (3, 224, 224) array [-0.000149342271669, -0.00893157708089, ...]
                          dist: [1.02043931465e-14, 2402.5986798, ..., 4606.97197264, 4606.97457702]
                        idxmax: [(217, 4, 2), (303, 5, 3), ..., (185, 0, 0), (366, 0, 0)]
                            ii: [0, 1, ..., 748, 749]
                         ismax: [False, False, ..., False, False]
                       last_ii: 749
                      last_obj: 2.96188
                       last_xx: (3, 224, 224) array [-0.0288698843137, -0.039205771876, ...]
                   majority_ii: 118
                  majority_obj: 3.67111
                   majority_xx: (3, 224, 224) array [-0.00121509291253, -0.00724921021026, ...]
                   meta_result: Metaresult: majority success
                          norm: [20.5668045944, 2884.58718828, ..., 33.0110409708, 40.8027174194]
                           obj: [0.0, 0.0, ..., 3.1273, 2.96188]
                           std: [5.58935924311, 4.56641034375, ..., 0.0850844616094, 0.105167130364]
                            x0: (3, 1, 1) array [17.6405234597, 4.00157208367, ...]

