FindParams:
                    blur_every: 0
                   blur_radius: 0
                         decay: 0.3
                     lr_params: {'lr': 100.0}
                     lr_policy: constant
                      max_iter: 750
                  push_channel: 314
                      push_dir: 1
                    push_layer: inception_5b/1x1
                  push_spatial: (0, 0)
                     push_unit: (314, 0, 0)
     px_abs_benefit_percentile: 0
         px_benefit_percentile: 0
                     rand_seed: 0
         small_norm_percentile: 20.0
          small_val_percentile: 0
                      start_at: mean_plus_rand


FindResults:
                       best_ii: 639
                      best_obj: 4.46145
                       best_xx: (3, 224, 224) array [0.00388145101424, -0.000405183928237, ...]
                          dist: [1.02043931465e-14, 2402.59001313, ..., 4606.95148297, 4606.95572761]
                        idxmax: [(217, 4, 2), (184, 1, 1), ..., (268, 0, 1), (268, 0, 1)]
                            ii: [0, 1, ..., 748, 749]
                         ismax: [False, False, ..., False, False]
                       last_ii: 749
                      last_obj: 3.36544
                       last_xx: (3, 224, 224) array [0.0190225253223, 0.0449280585055, ...]
                  majority_obj: None
                   majority_xx: None
                   meta_result: Metaresult: majority failure
                          norm: [20.5668045944, 2884.60479851, ..., 35.244284364, 32.4229402658]
                           obj: [0.0, 0.0, ..., 3.76229, 3.36544]
                           std: [5.58935924311, 4.56642740904, ..., 0.0908405177249, 0.0835686641071]
                            x0: (3, 1, 1) array [17.6405234597, 4.00157208367, ...]

