FindParams:
                    blur_every: 0
                   blur_radius: 0
                         decay: 0.3
                     lr_params: {'lr': 100.0}
                     lr_policy: constant
                      max_iter: 750
                  push_channel: 375
                      push_dir: 1
                    push_layer: inception_5b/1x1
                  push_spatial: (0, 0)
                     push_unit: (375, 0, 0)
     px_abs_benefit_percentile: 0
         px_benefit_percentile: 0
                     rand_seed: 0
         small_norm_percentile: 20.0
          small_val_percentile: 0
                      start_at: mean_plus_rand


FindResults:
                       best_ii: 504
                      best_obj: 3.73101
                       best_xx: (3, 224, 224) array [-0.000547518179019, 0.0756930381325, ...]
                          dist: [1.02043931465e-14, 2402.60877712, ..., 4607.04924608, 4607.03308177]
                        idxmax: [(217, 4, 2), (150, 1, 0), ..., (30, 0, 0), (30, 1, 0)]
                            ii: [0, 1, ..., 748, 749]
                         ismax: [False, False, ..., False, False]
                       last_ii: 749
                      last_obj: 3.02849
                       last_xx: (3, 224, 224) array [-0.00721173089971, 0.0103315112044, ...]
                  majority_obj: None
                   majority_xx: None
                   meta_result: Metaresult: majority failure
                          norm: [20.5668045944, 2884.56742482, ..., 35.2035483561, 33.0507596514]
                           obj: [0.00267208, 1.3266, ..., 2.69627, 3.02849]
                           std: [5.58935924311, 4.56637261839, ..., 0.0907355815712, 0.0851868887515]
                            x0: (3, 1, 1) array [17.6405234597, 4.00157208367, ...]

