FindParams:
                    blur_every: 0
                   blur_radius: 0
                         decay: 0.3
                     lr_params: {'lr': 100.0}
                     lr_policy: constant
                      max_iter: 750
                  push_channel: 371
                      push_dir: 1
                    push_layer: inception_5b/1x1
                  push_spatial: (0, 0)
                     push_unit: (371, 0, 0)
     px_abs_benefit_percentile: 0
         px_benefit_percentile: 0
                     rand_seed: 0
         small_norm_percentile: 20.0
          small_val_percentile: 0
                      start_at: mean_plus_rand


FindResults:
                       best_ii: 711
                      best_obj: 7.41533
                       best_xx: (3, 224, 224) array [-0.00394917994618, -0.00142587651257, ...]
                          dist: [1.02043931465e-14, 2402.5820747, ..., 4606.99710654, 4607.04211494]
                        idxmax: [(217, 4, 2), (184, 1, 0), ..., (371, 0, 0), (371, 0, 0)]
                            ii: [0, 1, ..., 748, 749]
                         ismax: [False, False, ..., True, True]
                       last_ii: 749
                      last_obj: 6.58832
                       last_xx: (3, 224, 224) array [-0.00417588749157, 0.00332287156263, ...]
                   majority_ii: 13
                  majority_obj: 4.657
                   majority_xx: (3, 224, 224) array [0.164773330929, 0.0, ...]
                   meta_result: Metaresult: majority success
                          norm: [20.5668045944, 2884.61983542, ..., 39.542985426, 40.6640830827]
                           obj: [0.0, 2.12788, ..., 6.9841, 6.58832]
                           std: [5.58935924311, 4.56641377704, ..., 0.101920301345, 0.104809795996]
                            x0: (3, 1, 1) array [17.6405234597, 4.00157208367, ...]

