FindParams:
                    blur_every: 0
                   blur_radius: 0
                         decay: 0.3
                     lr_params: {'lr': 100.0}
                     lr_policy: constant
                      max_iter: 750
                  push_channel: 369
                      push_dir: 1
                    push_layer: inception_5b/1x1
                  push_spatial: (0, 0)
                     push_unit: (369, 0, 0)
     px_abs_benefit_percentile: 0
         px_benefit_percentile: 0
                     rand_seed: 0
         small_norm_percentile: 20.0
          small_val_percentile: 0
                      start_at: mean_plus_rand


FindResults:
                       best_ii: 485
                      best_obj: 3.82482
                       best_xx: (3, 224, 224) array [-0.00915832975247, -0.024248258806, ...]
                          dist: [1.02043931465e-14, 2402.61430722, ..., 4607.24083887, 4607.16191355]
                        idxmax: [(217, 4, 2), (184, 1, 0), ..., (30, 0, 0), (30, 0, 0)]
                            ii: [0, 1, ..., 748, 749]
                         ismax: [False, False, ..., False, False]
                       last_ii: 749
                      last_obj: 3.39143
                       last_xx: (3, 224, 224) array [-0.0260884805476, -0.0488655208421, ...]
                   majority_ii: 551
                  majority_obj: 3.57952
                   majority_xx: (3, 224, 224) array [-0.0594964436678, -0.0637649865673, ...]
                   meta_result: Metaresult: majority success
                          norm: [20.5668045944, 2884.55647669, ..., 51.0013682021, 43.2368373656]
                           obj: [0.0, 2.31433, ..., 3.16459, 3.39143]
                           std: [5.58935924311, 4.56638534273, ..., 0.13145349092, 0.111440826824]
                            x0: (3, 1, 1) array [17.6405234597, 4.00157208367, ...]

