FindParams:
                    blur_every: 0
                   blur_radius: 0
                         decay: 0.3
                     lr_params: {'lr': 100.0}
                     lr_policy: constant
                      max_iter: 750
                  push_channel: 326
                      push_dir: 1
                    push_layer: inception_5b/1x1
                  push_spatial: (0, 0)
                     push_unit: (326, 0, 0)
     px_abs_benefit_percentile: 0
         px_benefit_percentile: 0
                     rand_seed: 0
         small_norm_percentile: 20.0
          small_val_percentile: 0
                      start_at: mean_plus_rand


FindResults:
                       best_ii: 708
                      best_obj: 4.25636
                       best_xx: (3, 224, 224) array [0.0193160563085, 0.00556559923886, ...]
                          dist: [1.02043931465e-14, 2402.58802492, ..., 4606.98861151, 4607.00724232]
                        idxmax: [(217, 4, 2), (184, 1, 1), ..., (220, 1, 1), (220, 1, 1)]
                            ii: [0, 1, ..., 748, 749]
                         ismax: [False, False, ..., False, False]
                       last_ii: 749
                      last_obj: 3.40536
                       last_xx: (3, 224, 224) array [0.0102238227311, -0.00527303909432, ...]
                  majority_obj: None
                   majority_xx: None
                   meta_result: Metaresult: majority failure
                          norm: [20.5668045944, 2884.60784259, ..., 32.7440637104, 38.2925057199]
                           obj: [0.0, 0.0, ..., 3.86184, 3.40536]
                           std: [5.58935924311, 4.56641742608, ..., 0.0843963821688, 0.0986972642003]
                            x0: (3, 1, 1) array [17.6405234597, 4.00157208367, ...]

