FindParams:
                    blur_every: 0
                   blur_radius: 0
                         decay: 0.3
                     lr_params: {'lr': 100.0}
                     lr_policy: constant
                      max_iter: 750
                  push_channel: 347
                      push_dir: 1
                    push_layer: inception_5b/1x1
                  push_spatial: (0, 0)
                     push_unit: (347, 0, 0)
     px_abs_benefit_percentile: 0
         px_benefit_percentile: 0
                     rand_seed: 0
         small_norm_percentile: 20.0
          small_val_percentile: 0
                      start_at: mean_plus_rand


FindResults:
                       best_ii: 578
                      best_obj: 7.1608
                       best_xx: (3, 224, 224) array [0.000327422208031, 0.0250646605564, ...]
                          dist: [1.02043931465e-14, 2402.60698447, ..., 4607.06485821, 4607.15441506]
                        idxmax: [(217, 4, 2), (184, 0, 1), ..., (347, 1, 1), (347, 1, 1)]
                            ii: [0, 1, ..., 748, 749]
                         ismax: [False, False, ..., False, False]
                       last_ii: 749
                      last_obj: 5.1108
                       last_xx: (3, 224, 224) array [0.0597018594013, -0.0193979427327, ...]
                   majority_ii: 14
                  majority_obj: 3.94601
                   majority_xx: (3, 224, 224) array [0.0, 0.0, ...]
                   meta_result: Metaresult: majority success
                          norm: [20.5668045944, 2884.57046168, ..., 47.505038467, 57.5557991068]
                           obj: [0.0, 0.468574, ..., 4.69644, 5.1108]
                           std: [5.58935924311, 4.56639868882, ..., 0.122441914162, 0.148347086437]
                            x0: (3, 1, 1) array [17.6405234597, 4.00157208367, ...]

