FindParams:
                    blur_every: 0
                   blur_radius: 0
                         decay: 0.3
                     lr_params: {'lr': 100.0}
                     lr_policy: constant
                      max_iter: 750
                  push_channel: 353
                      push_dir: 1
                    push_layer: inception_5b/1x1
                  push_spatial: (0, 0)
                     push_unit: (353, 0, 0)
     px_abs_benefit_percentile: 0
         px_benefit_percentile: 0
                     rand_seed: 0
         small_norm_percentile: 20.0
          small_val_percentile: 0
                      start_at: mean_plus_rand


FindResults:
                       best_ii: 264
                      best_obj: 2.88162
                       best_xx: (3, 224, 224) array [0.00150740953059, -0.00730418645105, ...]
                          dist: [1.02043931465e-14, 2402.61707387, ..., 4607.03724642, 4607.04112466]
                        idxmax: [(217, 4, 2), (184, 0, 1), ..., (60, 0, 1), (19, 1, 0)]
                            ii: [0, 1, ..., 748, 749]
                         ismax: [False, False, ..., False, False]
                       last_ii: 749
                      last_obj: 1.95399
                       last_xx: (3, 224, 224) array [0.00859402625255, -0.0328227184373, ...]
                  majority_obj: None
                   majority_xx: None
                   meta_result: Metaresult: majority failure
                          norm: [20.5668045944, 2884.55080009, ..., 40.189704403, 42.8096767722]
                           obj: [0.0, 0.0, ..., 1.62995, 1.95399]
                           std: [5.58935924311, 4.56639292346, ..., 0.103587190017, 0.110340066479]
                            x0: (3, 1, 1) array [17.6405234597, 4.00157208367, ...]

