FindParams:
                    blur_every: 0
                   blur_radius: 0
                         decay: 0.3
                     lr_params: {'lr': 100.0}
                     lr_policy: constant
                      max_iter: 750
                  push_channel: 341
                      push_dir: 1
                    push_layer: inception_5b/1x1
                  push_spatial: (0, 0)
                     push_unit: (341, 0, 0)
     px_abs_benefit_percentile: 0
         px_benefit_percentile: 0
                     rand_seed: 0
         small_norm_percentile: 20.0
          small_val_percentile: 0
                      start_at: mean_plus_rand


FindResults:
                       best_ii: 151
                      best_obj: 4.75344
                       best_xx: (3, 224, 224) array [-0.000267713585743, 0.00776042006075, ...]
                          dist: [1.02043931465e-14, 2402.59566908, ..., 4606.95753661, 4606.97637384]
                        idxmax: [(217, 4, 2), (184, 1, 1), ..., (181, 0, 0), (181, 0, 0)]
                            ii: [0, 1, ..., 748, 749]
                         ismax: [False, False, ..., False, False]
                       last_ii: 749
                      last_obj: 3.86926
                       last_xx: (3, 224, 224) array [0.00991518464173, 0.0424818615359, ...]
                   majority_ii: 730
                  majority_obj: 4.414
                   majority_xx: (3, 224, 224) array [0.0310498784268, 0.01742539344, ...]
                   meta_result: Metaresult: majority success
                          norm: [20.5668045944, 2884.59324976, ..., 36.4801875717, 36.720047828]
                           obj: [0.0, 0.76513, ..., 4.20324, 3.86926]
                           std: [5.58935924311, 4.56640784651, ..., 0.0940260819025, 0.0946443153382]
                            x0: (3, 1, 1) array [17.6405234597, 4.00157208367, ...]

