FindParams:
                    blur_every: 0
                   blur_radius: 0
                         decay: 0.3
                     lr_params: {'lr': 100.0}
                     lr_policy: constant
                      max_iter: 750
                  push_channel: 330
                      push_dir: 1
                    push_layer: inception_5b/1x1
                  push_spatial: (0, 0)
                     push_unit: (330, 0, 0)
     px_abs_benefit_percentile: 0
         px_benefit_percentile: 0
                     rand_seed: 0
         small_norm_percentile: 20.0
          small_val_percentile: 0
                      start_at: mean_plus_rand


FindResults:
                       best_ii: 546
                      best_obj: 2.19418
                       best_xx: (3, 224, 224) array [0.00275987372487, 0.0496226473449, ...]
                          dist: [1.02043931465e-14, 2402.60659901, ..., 4607.21915649, 4607.23166996]
                        idxmax: [(217, 4, 2), (303, 5, 1), ..., (171, 0, 1), (171, 0, 0)]
                            ii: [0, 1, ..., 748, 749]
                         ismax: [False, False, ..., False, False]
                       last_ii: 749
                      last_obj: 1.34448
                       last_xx: (3, 224, 224) array [0.00814858604409, -0.00977788180344, ...]
                  majority_obj: None
                   majority_xx: None
                   meta_result: Metaresult: majority failure
                          norm: [20.5668045944, 2884.57146183, ..., 45.6190878625, 44.1249428632]
                           obj: [0.0, 0.0, ..., 1.42469, 1.34448]
                           std: [5.58935924311, 4.56639850089, ..., 0.117580818794, 0.113729658084]
                            x0: (3, 1, 1) array [17.6405234597, 4.00157208367, ...]

