FindParams:
                    blur_every: 0
                   blur_radius: 0
                         decay: 0.3
                     lr_params: {'lr': 100.0}
                     lr_policy: constant
                      max_iter: 750
                  push_channel: 379
                      push_dir: 1
                    push_layer: inception_5b/1x1
                  push_spatial: (0, 0)
                     push_unit: (379, 0, 0)
     px_abs_benefit_percentile: 0
         px_benefit_percentile: 0
                     rand_seed: 0
         small_norm_percentile: 20.0
          small_val_percentile: 0
                      start_at: mean_plus_rand


FindResults:
                       best_ii: 706
                      best_obj: 2.82209
                       best_xx: (3, 224, 224) array [0.00175893431243, -0.0149434910574, ...]
                          dist: [1.02043931465e-14, 2402.61448849, ..., 4607.01604914, 4607.00278134]
                        idxmax: [(217, 4, 2), (184, 0, 1), ..., (359, 1, 0), (359, 1, 0)]
                            ii: [0, 1, ..., 748, 749]
                         ismax: [False, False, ..., False, False]
                       last_ii: 749
                      last_obj: 2.49004
                       last_xx: (3, 224, 224) array [-0.00353929796276, -0.00822555055584, ...]
                  majority_obj: None
                   majority_xx: None
                   meta_result: Metaresult: majority failure
                          norm: [20.5668045944, 2884.55594366, ..., 32.400815116, 31.1097763706]
                           obj: [0.0, 0.32005, ..., 2.41714, 2.49004]
                           std: [5.58935924311, 4.56639556957, ..., 0.0835116910687, 0.0801840970036]
                            x0: (3, 1, 1) array [17.6405234597, 4.00157208367, ...]

