FindParams:
                    blur_every: 0
                   blur_radius: 0
                         decay: 0.3
                     lr_params: {'lr': 100.0}
                     lr_policy: constant
                      max_iter: 750
                  push_channel: 378
                      push_dir: 1
                    push_layer: inception_5b/1x1
                  push_spatial: (0, 0)
                     push_unit: (378, 0, 0)
     px_abs_benefit_percentile: 0
         px_benefit_percentile: 0
                     rand_seed: 0
         small_norm_percentile: 20.0
          small_val_percentile: 0
                      start_at: mean_plus_rand


FindResults:
                       best_ii: 342
                      best_obj: 3.27814
                       best_xx: (3, 224, 224) array [0.00104493165502, -0.000434687608603, ...]
                          dist: [1.02043931465e-14, 2402.62127664, ..., 4607.02401033, 4606.99781089]
                        idxmax: [(217, 4, 2), (184, 1, 1), ..., (111, 0, 1), (92, 0, 0)]
                            ii: [0, 1, ..., 748, 749]
                         ismax: [False, False, ..., False, False]
                       last_ii: 749
                      last_obj: 2.59933
                       last_xx: (3, 224, 224) array [-0.010369450005, -0.0723090521664, ...]
                  majority_obj: None
                   majority_xx: None
                   meta_result: Metaresult: majority failure
                          norm: [20.5668045944, 2884.54252654, ..., 44.5961652292, 40.9851860679]
                           obj: [0.0, 0.0, ..., 1.49422, 2.59933]
                           std: [5.58935924311, 4.5663796516, ..., 0.114944676813, 0.105637535764]
                            x0: (3, 1, 1) array [17.6405234597, 4.00157208367, ...]

