FindParams:
                    blur_every: 0
                   blur_radius: 0
                         decay: 0.3
                     lr_params: {'lr': 100.0}
                     lr_policy: constant
                      max_iter: 750
                  push_channel: 381
                      push_dir: 1
                    push_layer: inception_5b/1x1
                  push_spatial: (0, 0)
                     push_unit: (381, 0, 0)
     px_abs_benefit_percentile: 0
         px_benefit_percentile: 0
                     rand_seed: 0
         small_norm_percentile: 20.0
          small_val_percentile: 0
                      start_at: mean_plus_rand


FindResults:
                       best_ii: 743
                      best_obj: 11.7837
                       best_xx: (3, 224, 224) array [-0.0160710369642, 0.0567447303534, ...]
                          dist: [1.02043931465e-14, 2402.61634747, ..., 4607.05047226, 4607.05991997]
                        idxmax: [(217, 4, 2), (184, 1, 1), ..., (381, 0, 0), (381, 0, 0)]
                            ii: [0, 1, ..., 748, 749]
                         ismax: [False, False, ..., True, True]
                       last_ii: 749
                      last_obj: 9.96145
                       last_xx: (3, 224, 224) array [-0.00441731355517, 0.0701342928301, ...]
                   majority_ii: 46
                  majority_obj: 4.06494
                   majority_xx: (3, 224, 224) array [0.0117652904437, 0.0176804897557, ...]
                   meta_result: Metaresult: majority success
                          norm: [20.5668045944, 2884.55221169, ..., 63.5119006356, 66.4008880448]
                           obj: [0.103098, 0.435723, ..., 10.0353, 9.96145]
                           std: [5.58935924311, 4.56638896224, ..., 0.163699071793, 0.171145372337]
                            x0: (3, 1, 1) array [17.6405234597, 4.00157208367, ...]

