FindParams:
                    blur_every: 0
                   blur_radius: 0
                         decay: 0.3
                     lr_params: {'lr': 100.0}
                     lr_policy: constant
                      max_iter: 750
                  push_channel: 377
                      push_dir: 1
                    push_layer: inception_5b/1x1
                  push_spatial: (0, 0)
                     push_unit: (377, 0, 0)
     px_abs_benefit_percentile: 0
         px_benefit_percentile: 0
                     rand_seed: 0
         small_norm_percentile: 20.0
          small_val_percentile: 0
                      start_at: mean_plus_rand


FindResults:
                       best_ii: 502
                      best_obj: 4.89448
                       best_xx: (3, 224, 224) array [0.016055358335, 0.0265069265524, ...]
                          dist: [1.02043931465e-14, 2402.6151489, ..., 4607.10637717, 4607.06866408]
                        idxmax: [(217, 4, 2), (184, 1, 1), ..., (377, 0, 0), (377, 0, 0)]
                            ii: [0, 1, ..., 748, 749]
                         ismax: [False, False, ..., True, True]
                       last_ii: 749
                      last_obj: 4.09669
                       last_xx: (3, 224, 224) array [-0.0334918875073, -0.0413489912195, ...]
                   majority_ii: 56
                  majority_obj: 3.05676
                   majority_xx: (3, 224, 224) array [0.0534407322821, 0.0177492397968, ...]
                   meta_result: Metaresult: majority success
                          norm: [20.5668045944, 2884.55483415, ..., 41.3707383628, 40.4078472492]
                           obj: [0.0, 0.0, ..., 4.26649, 4.09669]
                           std: [5.58935924311, 4.5663839101, ..., 0.106631199832, 0.104149394153]
                            x0: (3, 1, 1) array [17.6405234597, 4.00157208367, ...]

