FindParams:
                    blur_every: 0
                   blur_radius: 0
                         decay: 0.3
                     lr_params: {'lr': 100.0}
                     lr_policy: constant
                      max_iter: 750
                  push_channel: 348
                      push_dir: 1
                    push_layer: inception_5b/1x1
                  push_spatial: (0, 0)
                     push_unit: (348, 0, 0)
     px_abs_benefit_percentile: 0
         px_benefit_percentile: 0
                     rand_seed: 0
         small_norm_percentile: 20.0
          small_val_percentile: 0
                      start_at: mean_plus_rand


FindResults:
                       best_ii: 643
                      best_obj: 5.26442
                       best_xx: (3, 224, 224) array [-0.000438383565609, -0.013596737837, ...]
                          dist: [1.02043931465e-14, 2402.59665249, ..., 4606.9769921, 4607.04018862]
                        idxmax: [(217, 4, 2), (184, 1, 1), ..., (354, 1, 2), (199, 1, 2)]
                            ii: [0, 1, ..., 748, 749]
                         ismax: [False, False, ..., False, False]
                       last_ii: 749
                      last_obj: 4.51518
                       last_xx: (3, 224, 224) array [-0.0218204897104, -0.0203509821148, ...]
                  majority_obj: None
                   majority_xx: None
                   meta_result: Metaresult: majority failure
                          norm: [20.5668045944, 2884.59077329, ..., 39.633331214, 44.2954723646]
                           obj: [0.0, 0.0, ..., 4.32112, 4.51518]
                           std: [5.58935924311, 4.56640894264, ..., 0.102153066432, 0.114169519748]
                            x0: (3, 1, 1) array [17.6405234597, 4.00157208367, ...]

