FindParams:
                    blur_every: 0
                   blur_radius: 0
                         decay: 0.3
                     lr_params: {'lr': 100.0}
                     lr_policy: constant
                      max_iter: 750
                  push_channel: 323
                      push_dir: 1
                    push_layer: inception_5b/1x1
                  push_spatial: (0, 0)
                     push_unit: (323, 0, 0)
     px_abs_benefit_percentile: 0
         px_benefit_percentile: 0
                     rand_seed: 0
         small_norm_percentile: 20.0
          small_val_percentile: 0
                      start_at: mean_plus_rand


FindResults:
                       best_ii: 166
                      best_obj: 1.05472
                       best_xx: (3, 224, 224) array [0.00075410372645, 0.0123094181708, ...]
                          dist: [1.02043931465e-14, 2402.59930137, ..., 4606.93154446, 4606.93448668]
                        idxmax: [(217, 4, 2), (184, 1, 1), ..., (338, 1, 1), (338, 1, 1)]
                            ii: [0, 1, ..., 748, 749]
                         ismax: [False, False, ..., False, False]
                       last_ii: 749
                      last_obj: 0.932466
                       last_xx: (3, 224, 224) array [-0.00234533360248, 0.00171935308862, ...]
                  majority_obj: None
                   majority_xx: None
                   meta_result: Metaresult: majority failure
                          norm: [20.5668045944, 2884.58619752, ..., 24.5521588435, 26.7371104543]
                           obj: [0.0, 0.0, ..., 0.817195, 0.932466]
                           std: [5.58935924311, 4.56641131401, ..., 0.0632821221086, 0.06891373902]
                            x0: (3, 1, 1) array [17.6405234597, 4.00157208367, ...]

