FindParams:
                    blur_every: 0
                   blur_radius: 0
                         decay: 0.3
                     lr_params: {'lr': 100.0}
                     lr_policy: constant
                      max_iter: 750
                  push_channel: 355
                      push_dir: 1
                    push_layer: inception_5b/1x1
                  push_spatial: (0, 0)
                     push_unit: (355, 0, 0)
     px_abs_benefit_percentile: 0
         px_benefit_percentile: 0
                     rand_seed: 0
         small_norm_percentile: 20.0
          small_val_percentile: 0
                      start_at: mean_plus_rand


FindResults:
                       best_ii: 428
                      best_obj: 3.17843
                       best_xx: (3, 224, 224) array [-0.0010165524108, -0.0845505190642, ...]
                          dist: [1.02043931465e-14, 2402.62580526, ..., 4607.15176408, 4607.33522813]
                        idxmax: [(217, 4, 2), (76, 0, 0), ..., (234, 1, 0), (60, 1, 2)]
                            ii: [0, 1, ..., 748, 749]
                         ismax: [False, False, ..., False, False]
                       last_ii: 749
                      last_obj: 1.50249
                       last_xx: (3, 224, 224) array [0.0277260026234, 0.0381873498123, ...]
                  majority_obj: None
                   majority_xx: None
                   meta_result: Metaresult: majority failure
                          norm: [20.5668045944, 2884.5337243, ..., 44.8144034162, 59.9260089708]
                           obj: [0.0, 0.0, ..., 1.48354, 1.50249]
                           std: [5.58935924311, 4.56637780458, ..., 0.115506816235, 0.154456119662]
                            x0: (3, 1, 1) array [17.6405234597, 4.00157208367, ...]

