FindParams:
                    blur_every: 0
                   blur_radius: 0
                         decay: 0.3
                     lr_params: {'lr': 100.0}
                     lr_policy: constant
                      max_iter: 750
                  push_channel: 332
                      push_dir: 1
                    push_layer: inception_5b/1x1
                  push_spatial: (0, 0)
                     push_unit: (332, 0, 0)
     px_abs_benefit_percentile: 0
         px_benefit_percentile: 0
                     rand_seed: 0
         small_norm_percentile: 20.0
          small_val_percentile: 0
                      start_at: mean_plus_rand


FindResults:
                       best_ii: 693
                      best_obj: 2.95587
                       best_xx: (3, 224, 224) array [0.00734239117628, 0.0353987879419, ...]
                          dist: [1.02043931465e-14, 2402.61782734, ..., 4606.90882709, 4606.87801662]
                        idxmax: [(217, 4, 2), (184, 1, 1), ..., (89, 1, 1), (338, 1, 1)]
                            ii: [0, 1, ..., 748, 749]
                         ismax: [False, False, ..., False, False]
                       last_ii: 749
                      last_obj: 2.46846
                       last_xx: (3, 224, 224) array [0.0320124948134, -0.00984650801821, ...]
                  majority_obj: None
                   majority_xx: None
                   meta_result: Metaresult: majority failure
                          norm: [20.5668045944, 2884.54920604, ..., 36.5472020725, 37.1891395106]
                           obj: [0.0, 0.0, ..., 2.6651, 2.46846]
                           std: [5.58935924311, 4.56638428237, ..., 0.0941987769662, 0.0958533791387]
                            x0: (3, 1, 1) array [17.6405234597, 4.00157208367, ...]

