FindParams:
                    blur_every: 0
                   blur_radius: 0
                         decay: 0.3
                     lr_params: {'lr': 100.0}
                     lr_policy: constant
                      max_iter: 750
                  push_channel: 370
                      push_dir: 1
                    push_layer: inception_5b/1x1
                  push_spatial: (0, 0)
                     push_unit: (370, 0, 0)
     px_abs_benefit_percentile: 0
         px_benefit_percentile: 0
                     rand_seed: 0
         small_norm_percentile: 20.0
          small_val_percentile: 0
                      start_at: mean_plus_rand


FindResults:
                       best_ii: 703
                      best_obj: 6.57367
                       best_xx: (3, 224, 224) array [-0.0016939881136, 0.0563581811978, ...]
                          dist: [1.02043931465e-14, 2402.62556054, ..., 4607.09580061, 4607.09887118]
                        idxmax: [(217, 4, 2), (196, 1, 1), ..., (370, 0, 0), (370, 0, 0)]
                            ii: [0, 1, ..., 748, 749]
                         ismax: [False, False, ..., True, True]
                       last_ii: 749
                      last_obj: 4.69659
                       last_xx: (3, 224, 224) array [-0.00431365905699, -0.0586141616914, ...]
                   majority_ii: 29
                  majority_obj: 3.99779
                   majority_xx: (3, 224, 224) array [-0.0216419065465, -0.00297982073995, ...]
                   meta_result: Metaresult: majority success
                          norm: [20.5668045944, 2884.53410769, ..., 44.0990412348, 42.0780468444]
                           obj: [0.0, 0.72191, ..., 6.11594, 4.69659]
                           std: [5.58935924311, 4.56638396277, ..., 0.113663343229, 0.108454329855]
                            x0: (3, 1, 1) array [17.6405234597, 4.00157208367, ...]

