FindParams:
                    blur_every: 0
                   blur_radius: 0
                         decay: 0.3
                     lr_params: {'lr': 100.0}
                     lr_policy: constant
                      max_iter: 750
                  push_channel: 334
                      push_dir: 1
                    push_layer: inception_5b/1x1
                  push_spatial: (0, 0)
                     push_unit: (334, 0, 0)
     px_abs_benefit_percentile: 0
         px_benefit_percentile: 0
                     rand_seed: 0
         small_norm_percentile: 20.0
          small_val_percentile: 0
                      start_at: mean_plus_rand


FindResults:
                       best_ii: 615
                      best_obj: 7.85237
                       best_xx: (3, 224, 224) array [0.00464425102872, -0.00031703603868, ...]
                          dist: [1.02043931465e-14, 2402.60592064, ..., 4607.04359018, 4607.11529084]
                        idxmax: [(217, 4, 2), (184, 0, 1), ..., (334, 0, 0), (334, 0, 0)]
                            ii: [0, 1, ..., 748, 749]
                         ismax: [False, False, ..., True, True]
                       last_ii: 749
                      last_obj: 6.86525
                       last_xx: (3, 224, 224) array [0.00987841614916, -0.00946174077153, ...]
                   majority_ii: 11
                  majority_obj: 3.80679
                   majority_xx: (3, 224, 224) array [0.32968854886, 0.326080985751, ...]
                   meta_result: Metaresult: majority success
                          norm: [20.5668045944, 2884.57270701, ..., 47.3103952975, 52.1475536089]
                           obj: [0.246596, 2.68261, ..., 6.00408, 6.86525]
                           std: [5.58935924311, 4.56639065078, ..., 0.12194048121, 0.134408053416]
                            x0: (3, 1, 1) array [17.6405234597, 4.00157208367, ...]

