FindParams:
                    blur_every: 0
                   blur_radius: 0
                         decay: 0.3
                     lr_params: {'lr': 100.0}
                     lr_policy: constant
                      max_iter: 750
                  push_channel: 337
                      push_dir: 1
                    push_layer: inception_5b/1x1
                  push_spatial: (0, 0)
                     push_unit: (337, 0, 0)
     px_abs_benefit_percentile: 0
         px_benefit_percentile: 0
                     rand_seed: 0
         small_norm_percentile: 20.0
          small_val_percentile: 0
                      start_at: mean_plus_rand


FindResults:
                       best_ii: 662
                      best_obj: 3.41038
                       best_xx: (3, 224, 224) array [-0.00422637711679, -0.0224975608848, ...]
                          dist: [1.02043931465e-14, 2402.58818341, ..., 4607.08903063, 4607.10881512]
                        idxmax: [(217, 4, 2), (184, 1, 1), ..., (93, 1, 1), (93, 1, 1)]
                            ii: [0, 1, ..., 748, 749]
                         ismax: [False, False, ..., False, False]
                       last_ii: 749
                      last_obj: 2.53251
                       last_xx: (3, 224, 224) array [0.00547158186718, -0.0387338692434, ...]
                  majority_obj: None
                   majority_xx: None
                   meta_result: Metaresult: majority failure
                          norm: [20.5668045944, 2884.6078319, ..., 34.7076827219, 39.2085940134]
                           obj: [0.0, 0.0, ..., 2.97024, 2.53251]
                           std: [5.58935924311, 4.56642646002, ..., 0.0894572118103, 0.10105816176]
                            x0: (3, 1, 1) array [17.6405234597, 4.00157208367, ...]

