FindParams:
                    blur_every: 0
                   blur_radius: 0
                         decay: 0.3
                     lr_params: {'lr': 100.0}
                     lr_policy: constant
                      max_iter: 750
                  push_channel: 374
                      push_dir: 1
                    push_layer: inception_5b/1x1
                  push_spatial: (0, 0)
                     push_unit: (374, 0, 0)
     px_abs_benefit_percentile: 0
         px_benefit_percentile: 0
                     rand_seed: 0
         small_norm_percentile: 20.0
          small_val_percentile: 0
                      start_at: mean_plus_rand


FindResults:
                       best_ii: 707
                      best_obj: 1.88577
                       best_xx: (3, 224, 224) array [0.0119421571769, -0.00135410958364, ...]
                          dist: [1.02043931465e-14, 2402.59896671, ..., 4607.13004985, 4607.13757167]
                        idxmax: [(217, 4, 2), (184, 1, 1), ..., (348, 2, 1), (84, 2, 1)]
                            ii: [0, 1, ..., 748, 749]
                         ismax: [False, False, ..., False, False]
                       last_ii: 749
                      last_obj: 0.851874
                       last_xx: (3, 224, 224) array [0.0193748647025, 0.0163822353496, ...]
                  majority_obj: None
                   majority_xx: None
                   meta_result: Metaresult: majority failure
                          norm: [20.5668045944, 2884.58627836, ..., 38.6711431783, 37.9994852352]
                           obj: [0.0, 0.0, ..., 1.60746, 0.851874]
                           std: [5.58935924311, 4.56640976257, ..., 0.0996731907179, 0.0979420074461]
                            x0: (3, 1, 1) array [17.6405234597, 4.00157208367, ...]

