FindParams:
                    blur_every: 0
                   blur_radius: 0
                         decay: 0.3
                     lr_params: {'lr': 100.0}
                     lr_policy: constant
                      max_iter: 750
                  push_channel: 373
                      push_dir: 1
                    push_layer: inception_5b/1x1
                  push_spatial: (0, 0)
                     push_unit: (373, 0, 0)
     px_abs_benefit_percentile: 0
         px_benefit_percentile: 0
                     rand_seed: 0
         small_norm_percentile: 20.0
          small_val_percentile: 0
                      start_at: mean_plus_rand


FindResults:
                       best_ii: 360
                      best_obj: 2.50753
                       best_xx: (3, 224, 224) array [0.00116034357438, -0.0128098295258, ...]
                          dist: [1.02043931465e-14, 2402.61451979, ..., 4607.04196352, 4607.01422401]
                        idxmax: [(217, 4, 2), (184, 1, 1), ..., (30, 0, 1), (171, 0, 0)]
                            ii: [0, 1, ..., 748, 749]
                         ismax: [False, False, ..., False, False]
                       last_ii: 749
                      last_obj: 2.19732
                       last_xx: (3, 224, 224) array [0.0258216577945, 0.00640539267573, ...]
                  majority_obj: None
                   majority_xx: None
                   meta_result: Metaresult: majority failure
                          norm: [20.5668045944, 2884.55598274, ..., 30.6122795949, 26.1927947596]
                           obj: [0.0, 0.0, ..., 2.18914, 2.19732]
                           std: [5.58935924311, 4.56639977519, ..., 0.0789017149826, 0.0675107272447]
                            x0: (3, 1, 1) array [17.6405234597, 4.00157208367, ...]

