FindParams:
                    blur_every: 0
                   blur_radius: 0
                         decay: 0.3
                     lr_params: {'lr': 100.0}
                     lr_policy: constant
                      max_iter: 750
                  push_channel: 320
                      push_dir: 1
                    push_layer: inception_5b/1x1
                  push_spatial: (0, 0)
                     push_unit: (320, 0, 0)
     px_abs_benefit_percentile: 0
         px_benefit_percentile: 0
                     rand_seed: 0
         small_norm_percentile: 20.0
          small_val_percentile: 0
                      start_at: mean_plus_rand


FindResults:
                       best_ii: 648
                      best_obj: 4.87465
                       best_xx: (3, 224, 224) array [0.00252686067881, 0.0206810932423, ...]
                          dist: [1.02043931465e-14, 2402.59568666, ..., 4607.08713432, 4607.05318982]
                        idxmax: [(217, 4, 2), (184, 1, 1), ..., (320, 0, 0), (320, 1, 0)]
                            ii: [0, 1, ..., 748, 749]
                         ismax: [False, False, ..., True, False]
                       last_ii: 749
                      last_obj: 4.51737
                       last_xx: (3, 224, 224) array [0.0019007433277, 0.0152783186748, ...]
                   majority_ii: 15
                  majority_obj: 3.09372
                   majority_xx: (3, 224, 224) array [0.0, 0.0883263671883, ...]
                   meta_result: Metaresult: majority success
                          norm: [20.5668045944, 2884.59262248, ..., 38.5622334085, 35.5694056009]
                           obj: [0.0, 0.0, ..., 4.37766, 4.51737]
                           std: [5.58935924311, 4.56640800288, ..., 0.0993922845317, 0.0916784454124]
                            x0: (3, 1, 1) array [17.6405234597, 4.00157208367, ...]

