FindParams:
                    blur_every: 0
                   blur_radius: 0
                         decay: 0.3
                     lr_params: {'lr': 100.0}
                     lr_policy: constant
                      max_iter: 750
                  push_channel: 307
                      push_dir: 1
                    push_layer: inception_5b/1x1
                  push_spatial: (0, 0)
                     push_unit: (307, 0, 0)
     px_abs_benefit_percentile: 0
         px_benefit_percentile: 0
                     rand_seed: 0
         small_norm_percentile: 20.0
          small_val_percentile: 0
                      start_at: mean_plus_rand


FindResults:
                       best_ii: 741
                      best_obj: 5.77161
                       best_xx: (3, 224, 224) array [0.0136067173994, 0.0154654187695, ...]
                          dist: [1.02043931465e-14, 2402.61706303, ..., 4606.98061672, 4607.08080243]
                        idxmax: [(217, 4, 2), (303, 5, 2), ..., (24, 0, 0), (24, 0, 0)]
                            ii: [0, 1, ..., 748, 749]
                         ismax: [False, False, ..., False, False]
                       last_ii: 749
                      last_obj: 4.24296
                       last_xx: (3, 224, 224) array [-0.0284554523092, -0.0483566532079, ...]
                  majority_obj: None
                   majority_xx: None
                   meta_result: Metaresult: majority failure
                          norm: [20.5668045944, 2884.55092556, ..., 33.9123689308, 40.3290954136]
                           obj: [0.0883904, 0.507383, ..., 5.01112, 4.24296]
                           std: [5.58935924311, 4.56638957459, ..., 0.0874076388938, 0.103946411322]
                            x0: (3, 1, 1) array [17.6405234597, 4.00157208367, ...]

