FindParams:
                    blur_every: 0
                   blur_radius: 0
                         decay: 0.3
                     lr_params: {'lr': 100.0}
                     lr_policy: constant
                      max_iter: 750
                  push_channel: 351
                      push_dir: 1
                    push_layer: inception_5b/1x1
                  push_spatial: (0, 0)
                     push_unit: (351, 0, 0)
     px_abs_benefit_percentile: 0
         px_benefit_percentile: 0
                     rand_seed: 0
         small_norm_percentile: 20.0
          small_val_percentile: 0
                      start_at: mean_plus_rand


FindResults:
                       best_ii: 653
                      best_obj: 8.04267
                       best_xx: (3, 224, 224) array [-0.000554197521069, -0.0355302360486, ...]
                          dist: [1.02043931465e-14, 2402.62225142, ..., 4606.97609785, 4607.02381529]
                        idxmax: [(217, 4, 2), (209, 1, 0), ..., (351, 0, 0), (351, 0, 0)]
                            ii: [0, 1, ..., 748, 749]
                         ismax: [False, False, ..., True, True]
                       last_ii: 749
                      last_obj: 7.23443
                       last_xx: (3, 224, 224) array [-0.00164336779171, 0.00928793908228, ...]
                   majority_ii: 11
                  majority_obj: 2.8354
                   majority_xx: (3, 224, 224) array [0.307635849295, 0.0, ...]
                   meta_result: Metaresult: majority success
                          norm: [20.5668045944, 2884.54081594, ..., 46.3589919638, 46.2503189951]
                           obj: [0.0, 0.0, ..., 7.15245, 7.23443]
                           std: [5.58935924311, 4.56637120931, ..., 0.119488284145, 0.119208187906]
                            x0: (3, 1, 1) array [17.6405234597, 4.00157208367, ...]

