FindParams:
                    blur_every: 0
                   blur_radius: 0
                         decay: 0.3
                     lr_params: {'lr': 100.0}
                     lr_policy: constant
                      max_iter: 750
                  push_channel: 333
                      push_dir: 1
                    push_layer: inception_5b/1x1
                  push_spatial: (0, 0)
                     push_unit: (333, 0, 0)
     px_abs_benefit_percentile: 0
         px_benefit_percentile: 0
                     rand_seed: 0
         small_norm_percentile: 20.0
          small_val_percentile: 0
                      start_at: mean_plus_rand


FindResults:
                       best_ii: 511
                      best_obj: 3.2413
                       best_xx: (3, 224, 224) array [0.00299111940967, 0.0193287233464, ...]
                          dist: [1.02043931465e-14, 2402.61193286, ..., 4607.03721715, 4607.03001699]
                        idxmax: [(217, 4, 2), (184, 1, 1), ..., (11, 0, 0), (30, 0, 0)]
                            ii: [0, 1, ..., 748, 749]
                         ismax: [False, False, ..., False, False]
                       last_ii: 749
                      last_obj: 2.6046
                       last_xx: (3, 224, 224) array [0.0203287285528, -0.002780601361, ...]
                  majority_obj: None
                   majority_xx: None
                   meta_result: Metaresult: majority failure
                          norm: [20.5668045944, 2884.56090291, ..., 38.9173873876, 37.1549227948]
                           obj: [0.0, 1.39487, ..., 2.83704, 2.6046]
                           std: [5.58935924311, 4.56639263151, ..., 0.100307862946, 0.0957651993875]
                            x0: (3, 1, 1) array [17.6405234597, 4.00157208367, ...]

