FindParams:
                    blur_every: 0
                   blur_radius: 0
                         decay: 0.3
                     lr_params: {'lr': 100.0}
                     lr_policy: constant
                      max_iter: 750
                  push_channel: 366
                      push_dir: 1
                    push_layer: inception_5b/1x1
                  push_spatial: (0, 0)
                     push_unit: (366, 0, 0)
     px_abs_benefit_percentile: 0
         px_benefit_percentile: 0
                     rand_seed: 0
         small_norm_percentile: 20.0
          small_val_percentile: 0
                      start_at: mean_plus_rand


FindResults:
                       best_ii: 412
                      best_obj: 9.75946
                       best_xx: (3, 224, 224) array [0.00745959528118, -0.0528465817193, ...]
                          dist: [1.02043931465e-14, 2402.59775226, ..., 4607.1760483, 4607.19663408]
                        idxmax: [(217, 4, 2), (184, 1, 1), ..., (366, 0, 0), (366, 0, 1)]
                            ii: [0, 1, ..., 748, 749]
                         ismax: [False, False, ..., True, False]
                       last_ii: 749
                      last_obj: 6.8073
                       last_xx: (3, 224, 224) array [-0.00824371727843, 0.0170464452735, ...]
                   majority_ii: 6
                  majority_obj: 4.08214
                   majority_xx: (3, 224, 224) array [2.12056787013, 0.0, ...]
                   meta_result: Metaresult: majority success
                          norm: [20.5668045944, 2884.58905746, ..., 46.3859247094, 43.6112451859]
                           obj: [0.0, 2.08084, ..., 8.18267, 6.8073]
                           std: [5.58935924311, 4.56639210402, ..., 0.119557180005, 0.112405501378]
                            x0: (3, 1, 1) array [17.6405234597, 4.00157208367, ...]

