FindParams:
                    blur_every: 0
                   blur_radius: 0
                         decay: 0.3
                     lr_params: {'lr': 100.0}
                     lr_policy: constant
                      max_iter: 750
                  push_channel: 358
                      push_dir: 1
                    push_layer: inception_5b/1x1
                  push_spatial: (0, 0)
                     push_unit: (358, 0, 0)
     px_abs_benefit_percentile: 0
         px_benefit_percentile: 0
                     rand_seed: 0
         small_norm_percentile: 20.0
          small_val_percentile: 0
                      start_at: mean_plus_rand


FindResults:
                       best_ii: 700
                      best_obj: 5.21584
                       best_xx: (3, 224, 224) array [0.0308533454424, 0.0733106627848, ...]
                          dist: [1.02043931465e-14, 2402.62040888, ..., 4607.06387737, 4607.05460599]
                        idxmax: [(217, 4, 2), (184, 1, 0), ..., (60, 0, 1), (60, 1, 0)]
                            ii: [0, 1, ..., 748, 749]
                         ismax: [False, False, ..., False, False]
                       last_ii: 749
                      last_obj: 4.09359
                       last_xx: (3, 224, 224) array [-0.00796754420929, 0.0457103008276, ...]
                  majority_obj: None
                   majority_xx: None
                   meta_result: Metaresult: majority failure
                          norm: [20.5668045944, 2884.54454113, ..., 36.3992799798, 34.9205007235]
                           obj: [0.20299, 1.57788, ..., 4.64987, 4.09359]
                           std: [5.58935924311, 4.56636239268, ..., 0.0938174749225, 0.0900059886775]
                            x0: (3, 1, 1) array [17.6405234597, 4.00157208367, ...]

