FindParams:
                    blur_every: 0
                   blur_radius: 0
                         decay: 0.3
                     lr_params: {'lr': 100.0}
                     lr_policy: constant
                      max_iter: 750
                  push_channel: 365
                      push_dir: 1
                    push_layer: inception_5b/1x1
                  push_spatial: (0, 0)
                     push_unit: (365, 0, 0)
     px_abs_benefit_percentile: 0
         px_benefit_percentile: 0
                     rand_seed: 0
         small_norm_percentile: 20.0
          small_val_percentile: 0
                      start_at: mean_plus_rand


FindResults:
                       best_ii: 688
                      best_obj: 4.93759
                       best_xx: (3, 224, 224) array [0.0011996945026, 0.0393695865602, ...]
                          dist: [1.02043931465e-14, 2402.61274561, ..., 4607.00972899, 4607.02139844]
                        idxmax: [(217, 4, 2), (184, 1, 1), ..., (366, 0, 0), (366, 0, 0)]
                            ii: [0, 1, ..., 748, 749]
                         ismax: [False, False, ..., False, False]
                       last_ii: 749
                      last_obj: 4.26494
                       last_xx: (3, 224, 224) array [0.0201807340641, 0.0684166761431, ...]
                  majority_obj: None
                   majority_xx: None
                   meta_result: Metaresult: majority failure
                          norm: [20.5668045944, 2884.55939693, ..., 34.6970641838, 37.2592816976]
                           obj: [0.310265, 2.99972, ..., 4.46097, 4.26494]
                           std: [5.58935924311, 4.56639394223, ..., 0.0894301750019, 0.0960341796488]
                            x0: (3, 1, 1) array [17.6405234597, 4.00157208367, ...]

