FindParams:
                    blur_every: 0
                   blur_radius: 0
                         decay: 0.3
                     lr_params: {'lr': 100.0}
                     lr_policy: constant
                      max_iter: 750
                  push_channel: 346
                      push_dir: 1
                    push_layer: inception_5b/1x1
                  push_spatial: (0, 0)
                     push_unit: (346, 0, 0)
     px_abs_benefit_percentile: 0
         px_benefit_percentile: 0
                     rand_seed: 0
         small_norm_percentile: 20.0
          small_val_percentile: 0
                      start_at: mean_plus_rand


FindResults:
                       best_ii: 563
                      best_obj: 7.27806
                       best_xx: (3, 224, 224) array [0.0130636020481, 0.015239377672, ...]
                          dist: [1.02043931465e-14, 2402.6099277, ..., 4607.13413906, 4607.11286865]
                        idxmax: [(217, 4, 2), (184, 1, 1), ..., (346, 0, 0), (346, 0, 0)]
                            ii: [0, 1, ..., 748, 749]
                         ismax: [False, False, ..., True, True]
                       last_ii: 749
                      last_obj: 6.63831
                       last_xx: (3, 224, 224) array [-0.000102225519782, 0.00162010831517, ...]
                   majority_ii: 19
                  majority_obj: 4.60307
                   majority_xx: (3, 224, 224) array [-0.0276778038952, -0.0323234867887, ...]
                   meta_result: Metaresult: majority success
                          norm: [20.5668045944, 2884.56570353, ..., 50.3863394319, 46.5422519697]
                           obj: [0.823964, 1.57935, ..., 6.36768, 6.63831]
                           std: [5.58935924311, 4.56639875847, ..., 0.12986859254, 0.119960612491]
                            x0: (3, 1, 1) array [17.6405234597, 4.00157208367, ...]

