FindParams:
                    blur_every: 0
                   blur_radius: 0
                         decay: 0.3
                     lr_params: {'lr': 100.0}
                     lr_policy: constant
                      max_iter: 750
                  push_channel: 305
                      push_dir: 1
                    push_layer: inception_5b/1x1
                  push_spatial: (0, 0)
                     push_unit: (305, 0, 0)
     px_abs_benefit_percentile: 0
         px_benefit_percentile: 0
                     rand_seed: 0
         small_norm_percentile: 20.0
          small_val_percentile: 0
                      start_at: mean_plus_rand


FindResults:
                       best_ii: 677
                      best_obj: 6.33652
                       best_xx: (3, 224, 224) array [0.00402380255954, 0.00425325873069, ...]
                          dist: [1.02043931465e-14, 2402.61860054, ..., 4607.20704099, 4607.08914262]
                        idxmax: [(217, 4, 2), (184, 0, 1), ..., (305, 0, 0), (344, 0, 0)]
                            ii: [0, 1, ..., 748, 749]
                         ismax: [False, False, ..., True, False]
                       last_ii: 749
                      last_obj: 3.44026
                       last_xx: (3, 224, 224) array [-0.0101214971402, 0.0275928886229, ...]
                   majority_ii: 121
                  majority_obj: 4.48485
                   majority_xx: (3, 224, 224) array [-0.00056410795645, 0.0189131749121, ...]
                   meta_result: Metaresult: majority success
                          norm: [20.5668045944, 2884.54812968, ..., 56.492611052, 48.4489692821]
                           obj: [0.0, 0.0, ..., 5.23593, 3.44026]
                           std: [5.58935924311, 4.56638912129, ..., 0.145607247885, 0.124875112493]
                            x0: (3, 1, 1) array [17.6405234597, 4.00157208367, ...]

