FindParams:
                    blur_every: 0
                   blur_radius: 0
                         decay: 0.3
                     lr_params: {'lr': 100.0}
                     lr_policy: constant
                      max_iter: 750
                  push_channel: 318
                      push_dir: 1
                    push_layer: inception_5b/1x1
                  push_spatial: (0, 0)
                     push_unit: (318, 0, 0)
     px_abs_benefit_percentile: 0
         px_benefit_percentile: 0
                     rand_seed: 0
         small_norm_percentile: 20.0
          small_val_percentile: 0
                      start_at: mean_plus_rand


FindResults:
                       best_ii: 716
                      best_obj: 4.58285
                       best_xx: (3, 224, 224) array [0.0113060996746, -0.00272562005853, ...]
                          dist: [1.02043931465e-14, 2402.60514614, ..., 4606.99664494, 4607.12596349]
                        idxmax: [(217, 4, 2), (184, 1, 1), ..., (366, 0, 0), (366, 0, 0)]
                            ii: [0, 1, ..., 748, 749]
                         ismax: [False, False, ..., False, False]
                       last_ii: 749
                      last_obj: 4.09116
                       last_xx: (3, 224, 224) array [-0.0270785080347, -0.0490090224136, ...]
                  majority_obj: None
                   majority_xx: None
                   meta_result: Metaresult: majority failure
                          norm: [20.5668045944, 2884.5744517, ..., 42.3886494221, 51.4386399063]
                           obj: [0.0, 0.0, ..., 2.6838, 4.09116]
                           std: [5.58935924311, 4.5663946553, ..., 0.109254902449, 0.132580834436]
                            x0: (3, 1, 1) array [17.6405234597, 4.00157208367, ...]

