FindParams:
                    blur_every: 0
                   blur_radius: 0
                         decay: 0.3
                     lr_params: {'lr': 100.0}
                     lr_policy: constant
                      max_iter: 750
                  push_channel: 328
                      push_dir: 1
                    push_layer: inception_5b/1x1
                  push_spatial: (0, 0)
                     push_unit: (328, 0, 0)
     px_abs_benefit_percentile: 0
         px_benefit_percentile: 0
                     rand_seed: 0
         small_norm_percentile: 20.0
          small_val_percentile: 0
                      start_at: mean_plus_rand


FindResults:
                       best_ii: 473
                      best_obj: 7.69582
                       best_xx: (3, 224, 224) array [0.00047810112298, -0.0161351676211, ...]
                          dist: [1.02043931465e-14, 2402.61054537, ..., 4607.05912097, 4607.15420045]
                        idxmax: [(217, 4, 2), (209, 1, 1), ..., (328, 0, 0), (328, 0, 0)]
                            ii: [0, 1, ..., 748, 749]
                         ismax: [False, False, ..., True, True]
                       last_ii: 749
                      last_obj: 7.05027
                       last_xx: (3, 224, 224) array [-0.00294890494436, 0.00333838625343, ...]
                   majority_ii: 12
                  majority_obj: 3.78255
                   majority_xx: (3, 224, 224) array [0.258700768238, 0.0, ...]
                   meta_result: Metaresult: majority success
                          norm: [20.5668045944, 2884.56390221, ..., 43.6655249072, 52.2939149979]
                           obj: [0.0, 0.0, ..., 6.47898, 7.05027]
                           std: [5.58935924311, 4.56639160158, ..., 0.112545892191, 0.134785217363]
                            x0: (3, 1, 1) array [17.6405234597, 4.00157208367, ...]

