FindParams:
                    blur_every: 0
                   blur_radius: 0
                         decay: 0.3
                     lr_params: {'lr': 100.0}
                     lr_policy: constant
                      max_iter: 750
                  push_channel: 325
                      push_dir: 1
                    push_layer: inception_5b/1x1
                  push_spatial: (0, 0)
                     push_unit: (325, 0, 0)
     px_abs_benefit_percentile: 0
         px_benefit_percentile: 0
                     rand_seed: 0
         small_norm_percentile: 20.0
          small_val_percentile: 0
                      start_at: mean_plus_rand


FindResults:
                       best_ii: 704
                      best_obj: 5.3064
                       best_xx: (3, 224, 224) array [0.000609127998061, 0.0209496037005, ...]
                          dist: [1.02043931465e-14, 2402.62331746, ..., 4606.96657726, 4606.96741004]
                        idxmax: [(217, 4, 2), (184, 1, 1), ..., (185, 1, 0), (252, 0, 0)]
                            ii: [0, 1, ..., 748, 749]
                         ismax: [False, False, ..., False, False]
                       last_ii: 749
                      last_obj: 4.52689
                       last_xx: (3, 224, 224) array [-0.000652900873121, -0.0125225444779, ...]
                   majority_ii: 628
                  majority_obj: 4.63983
                   majority_xx: (3, 224, 224) array [-0.00674804190893, 0.000941398498654, ...]
                   meta_result: Metaresult: majority success
                          norm: [20.5668045944, 2884.53866329, ..., 35.934421865, 34.8516033106]
                           obj: [0.0, 0.0, ..., 4.88057, 4.52689]
                           std: [5.58935924311, 4.56637400422, ..., 0.0926194105876, 0.0898284900733]
                            x0: (3, 1, 1) array [17.6405234597, 4.00157208367, ...]

