FindParams:
                    blur_every: 0
                   blur_radius: 0
                         decay: 0.3
                     lr_params: {'lr': 100.0}
                     lr_policy: constant
                      max_iter: 750
                  push_channel: 308
                      push_dir: 1
                    push_layer: inception_5b/1x1
                  push_spatial: (0, 0)
                     push_unit: (308, 0, 0)
     px_abs_benefit_percentile: 0
         px_benefit_percentile: 0
                     rand_seed: 0
         small_norm_percentile: 20.0
          small_val_percentile: 0
                      start_at: mean_plus_rand


FindResults:
                       best_ii: 129
                      best_obj: 3.16969
                       best_xx: (3, 224, 224) array [-0.00430424896129, 0.0304239590309, ...]
                          dist: [1.02043931465e-14, 2402.60537526, ..., 4607.19697775, 4607.13571396]
                        idxmax: [(217, 4, 2), (184, 0, 1), ..., (30, 0, 0), (30, 0, 0)]
                            ii: [0, 1, ..., 748, 749]
                         ismax: [False, False, ..., False, False]
                       last_ii: 749
                      last_obj: 2.42392
                       last_xx: (3, 224, 224) array [-0.0110564937048, -0.0447731015742, ...]
                  majority_obj: None
                   majority_xx: None
                   meta_result: Metaresult: majority failure
                          norm: [20.5668045944, 2884.57395555, ..., 44.6661440485, 39.5119885491]
                           obj: [0.0, 0.0, ..., 2.24384, 2.42392]
                           std: [5.58935924311, 4.56641311833, ..., 0.115124866544, 0.101840382453]
                            x0: (3, 1, 1) array [17.6405234597, 4.00157208367, ...]

