FindParams:
                    blur_every: 0
                   blur_radius: 0
                         decay: 0.3
                     lr_params: {'lr': 100.0}
                     lr_policy: constant
                      max_iter: 750
                  push_channel: 344
                      push_dir: 1
                    push_layer: inception_5b/1x1
                  push_spatial: (0, 0)
                     push_unit: (344, 0, 0)
     px_abs_benefit_percentile: 0
         px_benefit_percentile: 0
                     rand_seed: 0
         small_norm_percentile: 20.0
          small_val_percentile: 0
                      start_at: mean_plus_rand


FindResults:
                       best_ii: 642
                      best_obj: 7.20374
                       best_xx: (3, 224, 224) array [-0.00457656675736, -0.00661867189822, ...]
                          dist: [1.02043931465e-14, 2402.615517, ..., 4607.1447133, 4607.15760246]
                        idxmax: [(217, 4, 2), (184, 0, 1), ..., (344, 1, 1), (344, 0, 1)]
                            ii: [0, 1, ..., 748, 749]
                         ismax: [False, False, ..., False, False]
                       last_ii: 749
                      last_obj: 5.37804
                       last_xx: (3, 224, 224) array [-0.0108822024058, 0.00152243459037, ...]
                   majority_ii: 9
                  majority_obj: 3.30995
                   majority_xx: (3, 224, 224) array [0.733946959523, 0.74086673412, ...]
                   meta_result: Metaresult: majority success
                          norm: [20.5668045944, 2884.55393879, ..., 54.1667637474, 55.6053950354]
                           obj: [0.0, 0.0, ..., 5.17432, 5.37804]
                           std: [5.58935924311, 4.56638491298, ..., 0.139612376356, 0.143320426058]
                            x0: (3, 1, 1) array [17.6405234597, 4.00157208367, ...]

