FindParams:
                    blur_every: 0
                   blur_radius: 0
                         decay: 0.3
                     lr_params: {'lr': 100.0}
                     lr_policy: constant
                      max_iter: 750
                  push_channel: 316
                      push_dir: 1
                    push_layer: inception_5b/3x3
                  push_spatial: (0, 0)
                     push_unit: (316, 0, 0)
     px_abs_benefit_percentile: 0
         px_benefit_percentile: 0
                     rand_seed: 0
         small_norm_percentile: 20.0
          small_val_percentile: 0
                      start_at: mean_plus_rand


FindResults:
                       best_ii: 638
                      best_obj: 3.25173
                       best_xx: (3, 224, 224) array [-0.0188257189442, -0.0367555830914, ...]
                          dist: [1.02043931465e-14, 2402.63811871, ..., 4607.03538296, 4607.01837878]
                        idxmax: [(108, 3, 3), (66, 1, 1), ..., (15, 2, 1), (15, 2, 1)]
                            ii: [0, 1, ..., 748, 749]
                         ismax: [False, False, ..., False, False]
                       last_ii: 749
                      last_obj: 3.16175
                       last_xx: (3, 224, 224) array [-0.000967853079501, -0.0655270448882, ...]
                  majority_obj: None
                   majority_xx: None
                   meta_result: Metaresult: majority failure
                          norm: [20.5668045944, 2884.50970686, ..., 31.4932707421, 30.0998506386]
                           obj: [0.0, 0.0, ..., 3.04447, 3.16175]
                           std: [5.58935924311, 4.56638059899, ..., 0.0811724235611, 0.0775809655211]
                            x0: (3, 1, 1) array [17.6405234597, 4.00157208367, ...]

