FindParams:
                    blur_every: 0
                   blur_radius: 0
                         decay: 0.3
                     lr_params: {'lr': 100.0}
                     lr_policy: constant
                      max_iter: 750
                  push_channel: 379
                      push_dir: 1
                    push_layer: inception_5b/3x3
                  push_spatial: (0, 0)
                     push_unit: (379, 0, 0)
     px_abs_benefit_percentile: 0
         px_benefit_percentile: 0
                     rand_seed: 0
         small_norm_percentile: 20.0
          small_val_percentile: 0
                      start_at: mean_plus_rand


FindResults:
                       best_ii: 723
                      best_obj: 5.80941
                       best_xx: (3, 224, 224) array [0.0, 0.00207844246948, ...]
                          dist: [1.02043931465e-14, 2402.64182499, ..., 4606.92657132, 4606.89246134]
                        idxmax: [(108, 3, 3), (52, 1, 1), ..., (379, 1, 1), (379, 1, 1)]
                            ii: [0, 1, ..., 748, 749]
                         ismax: [False, False, ..., False, False]
                       last_ii: 749
                      last_obj: 4.82174
                       last_xx: (3, 224, 224) array [0.000715410194005, -0.00884827206021, ...]
                  majority_obj: None
                   majority_xx: None
                   meta_result: Metaresult: majority failure
                          norm: [20.5668045944, 2884.50235032, ..., 40.7022652932, 34.6212291806]
                           obj: [0.298886, 1.33402, ..., 5.32792, 4.82174]
                           std: [5.58935924311, 4.56635755769, ..., 0.104908266786, 0.0892346685672]
                            x0: (3, 1, 1) array [17.6405234597, 4.00157208367, ...]

