FindParams:
                    blur_every: 0
                   blur_radius: 0
                         decay: 0.3
                     lr_params: {'lr': 100.0}
                     lr_policy: constant
                      max_iter: 750
                  push_channel: 370
                      push_dir: 1
                    push_layer: inception_5b/3x3
                  push_spatial: (0, 0)
                     push_unit: (370, 0, 0)
     px_abs_benefit_percentile: 0
         px_benefit_percentile: 0
                     rand_seed: 0
         small_norm_percentile: 20.0
          small_val_percentile: 0
                      start_at: mean_plus_rand


FindResults:
                       best_ii: 308
                      best_obj: 4.19658
                       best_xx: (3, 224, 224) array [0.00202747487548, -0.00113727390037, ...]
                          dist: [1.02043931465e-14, 2402.62826286, ..., 4607.0093085, 4607.00805784]
                        idxmax: [(108, 3, 3), (42, 1, 1), ..., (370, 1, 1), (370, 1, 1)]
                            ii: [0, 1, ..., 748, 749]
                         ismax: [False, False, ..., False, False]
                       last_ii: 749
                      last_obj: 3.20608
                       last_xx: (3, 224, 224) array [0.0124052518887, -0.00299618132905, ...]
                  majority_obj: None
                   majority_xx: None
                   meta_result: Metaresult: majority failure
                          norm: [20.5668045944, 2884.52882482, ..., 31.0235530216, 32.8253836865]
                           obj: [0.509889, 0.0, ..., 3.44402, 3.20608]
                           std: [5.58935924311, 4.56638552062, ..., 0.0799618567413, 0.0846059928583]
                            x0: (3, 1, 1) array [17.6405234597, 4.00157208367, ...]

