FindParams:
                    blur_every: 0
                   blur_radius: 0
                         decay: 0.3
                     lr_params: {'lr': 100.0}
                     lr_policy: constant
                      max_iter: 750
                  push_channel: 319
                      push_dir: 1
                    push_layer: inception_5b/3x3
                  push_spatial: (0, 0)
                     push_unit: (319, 0, 0)
     px_abs_benefit_percentile: 0
         px_benefit_percentile: 0
                     rand_seed: 0
         small_norm_percentile: 20.0
          small_val_percentile: 0
                      start_at: mean_plus_rand


FindResults:
                       best_ii: 1
                      best_obj: 0.446373
                       best_xx: (3, 224, 224) array [0.0, 12.3543191921, ...]
                          dist: [1.02043931465e-14, 2402.64534694, ..., 4607.01008606, 4607.0147262]
                        idxmax: [(108, 3, 3), (0, 1, 1), ..., (88, 3, 3), (88, 3, 3)]
                            ii: [0, 1, ..., 748, 749]
                         ismax: [False, False, ..., False, False]
                       last_ii: 749
                      last_obj: 0.215952
                       last_xx: (3, 224, 224) array [0.00806879864335, 0.053780790722, ...]
                  majority_obj: None
                   majority_xx: None
                   meta_result: Metaresult: majority failure
                          norm: [20.5668045944, 2884.49550545, ..., 15.5701442403, 16.5083547302]
                           obj: [0.0, 0.446373, ..., 0.296509, 0.215952]
                           std: [5.58935924311, 4.56636237013, ..., 0.0401312978878, 0.0425494825585]
                            x0: (3, 1, 1) array [17.6405234597, 4.00157208367, ...]

