FindParams:
                    blur_every: 0
                   blur_radius: 0
                         decay: 0.3
                     lr_params: {'lr': 100.0}
                     lr_policy: constant
                      max_iter: 750
                  push_channel: 314
                      push_dir: 1
                    push_layer: inception_5b/3x3
                  push_spatial: (0, 0)
                     push_unit: (314, 0, 0)
     px_abs_benefit_percentile: 0
         px_benefit_percentile: 0
                     rand_seed: 0
         small_norm_percentile: 20.0
          small_val_percentile: 0
                      start_at: mean_plus_rand


FindResults:
                       best_ii: 710
                      best_obj: 2.64879
                       best_xx: (3, 224, 224) array [-0.00210008418956, 0.000634396240386, ...]
                          dist: [1.02043931465e-14, 2402.6316289, ..., 4606.98206751, 4606.96341038]
                        idxmax: [(108, 3, 3), (0, 1, 1), ..., (326, 1, 1), (88, 3, 3)]
                            ii: [0, 1, ..., 748, 749]
                         ismax: [False, False, ..., False, False]
                       last_ii: 749
                      last_obj: 2.35529
                       last_xx: (3, 224, 224) array [-0.00172472517073, 0.000119161792895, ...]
                  majority_obj: None
                   majority_xx: None
                   meta_result: Metaresult: majority failure
                          norm: [20.5668045944, 2884.52251732, ..., 25.4387758144, 22.3444400895]
                           obj: [0.0, 1.19842, ..., 2.47198, 2.35529]
                           std: [5.58935924311, 4.56636115924, ..., 0.0655673368903, 0.0575918208014]
                            x0: (3, 1, 1) array [17.6405234597, 4.00157208367, ...]

