FindParams:
                    blur_every: 0
                   blur_radius: 0
                         decay: 0.3
                     lr_params: {'lr': 100.0}
                     lr_policy: constant
                      max_iter: 750
                  push_channel: 339
                      push_dir: 1
                    push_layer: inception_5b/3x3
                  push_spatial: (0, 0)
                     push_unit: (339, 0, 0)
     px_abs_benefit_percentile: 0
         px_benefit_percentile: 0
                     rand_seed: 0
         small_norm_percentile: 20.0
          small_val_percentile: 0
                      start_at: mean_plus_rand


FindResults:
                       best_ii: 725
                      best_obj: 3.5685
                       best_xx: (3, 224, 224) array [-0.00162307301534, -0.00331029598885, ...]
                          dist: [1.02043931465e-14, 2402.63664743, ..., 4607.00533154, 4606.96491388]
                        idxmax: [(108, 3, 3), (79, 4, 2), ..., (160, 1, 1), (365, 1, 1)]
                            ii: [0, 1, ..., 748, 749]
                         ismax: [False, False, ..., False, False]
                       last_ii: 749
                      last_obj: 3.16336
                       last_xx: (3, 224, 224) array [-0.00186998330612, -0.00226153020083, ...]
                  majority_obj: None
                   majority_xx: None
                   meta_result: Metaresult: majority failure
                          norm: [20.5668045944, 2884.51247333, ..., 39.7031199846, 34.3287276918]
                           obj: [0.0, 0.0, ..., 3.06276, 3.16336]
                           std: [5.58935924311, 4.56637509437, ..., 0.102333046504, 0.0884807714289]
                            x0: (3, 1, 1) array [17.6405234597, 4.00157208367, ...]

