FindParams:
                    blur_every: 0
                   blur_radius: 0
                         decay: 0.3
                     lr_params: {'lr': 100.0}
                     lr_policy: constant
                      max_iter: 750
                  push_channel: 382
                      push_dir: 1
                    push_layer: inception_5b/3x3
                  push_spatial: (0, 0)
                     push_unit: (382, 0, 0)
     px_abs_benefit_percentile: 0
         px_benefit_percentile: 0
                     rand_seed: 0
         small_norm_percentile: 20.0
          small_val_percentile: 0
                      start_at: mean_plus_rand


FindResults:
                       best_ii: 342
                      best_obj: 0.594103
                       best_xx: (3, 224, 224) array [0.187444951918, 0.206498989655, ...]
                          dist: [1.02043931465e-14, 2402.64257528, ..., 4607.00377279, 4607.00601362]
                        idxmax: [(108, 3, 3), (0, 1, 1), ..., (88, 3, 3), (88, 3, 3)]
                            ii: [0, 1, ..., 748, 749]
                         ismax: [False, False, ..., False, False]
                       last_ii: 749
                      last_obj: 0.52996
                       last_xx: (3, 224, 224) array [0.114095896517, 0.129477416875, ...]
                  majority_obj: None
                   majority_xx: None
                   meta_result: Metaresult: majority failure
                          norm: [20.5668045944, 2884.50094021, ..., 15.5483937386, 14.957677215]
                           obj: [0.141912, 0.149407, ..., 0.517343, 0.52996]
                           std: [5.58935924311, 4.56636983164, ..., 0.0400752983264, 0.0385527458282]
                            x0: (3, 1, 1) array [17.6405234597, 4.00157208367, ...]

