FindParams:
                    blur_every: 0
                   blur_radius: 0
                         decay: 0.3
                     lr_params: {'lr': 100.0}
                     lr_policy: constant
                      max_iter: 750
                  push_channel: 317
                      push_dir: 1
                    push_layer: inception_5b/3x3
                  push_spatial: (0, 0)
                     push_unit: (317, 0, 0)
     px_abs_benefit_percentile: 0
         px_benefit_percentile: 0
                     rand_seed: 0
         small_norm_percentile: 20.0
          small_val_percentile: 0
                      start_at: mean_plus_rand


FindResults:
                       best_ii: 683
                      best_obj: 3.08965
                       best_xx: (3, 224, 224) array [-0.0198545383757, -0.032189235182, ...]
                          dist: [1.02043931465e-14, 2402.61763565, ..., 4606.97698965, 4606.93873223]
                        idxmax: [(108, 3, 3), (0, 1, 1), ..., (330, 1, 1), (330, 1, 1)]
                            ii: [0, 1, ..., 748, 749]
                         ismax: [False, False, ..., False, False]
                       last_ii: 749
                      last_obj: 2.77637
                       last_xx: (3, 224, 224) array [0.113210633603, 0.069410933366, ...]
                  majority_obj: None
                   majority_xx: None
                   meta_result: Metaresult: majority failure
                          norm: [20.5668045944, 2884.54983428, ..., 34.0818688629, 27.4052413572]
                           obj: [0.0, 0.137152, ..., 2.90458, 2.77637]
                           std: [5.58935924311, 4.56639515603, ..., 0.0878445157994, 0.0706357782864]
                            x0: (3, 1, 1) array [17.6405234597, 4.00157208367, ...]

