FindParams:
                    blur_every: 0
                   blur_radius: 0
                         decay: 0.3
                     lr_params: {'lr': 100.0}
                     lr_policy: constant
                      max_iter: 750
                  push_channel: 312
                      push_dir: 1
                    push_layer: inception_5b/3x3
                  push_spatial: (0, 0)
                     push_unit: (312, 0, 0)
     px_abs_benefit_percentile: 0
         px_benefit_percentile: 0
                     rand_seed: 0
         small_norm_percentile: 20.0
          small_val_percentile: 0
                      start_at: mean_plus_rand


FindResults:
                       best_ii: 546
                      best_obj: 2.77679
                       best_xx: (3, 224, 224) array [0.02862425755, 0.0246860914638, ...]
                          dist: [1.02043931465e-14, 2402.64478688, ..., 4606.98774189, 4606.98271572]
                        idxmax: [(108, 3, 3), (0, 1, 1), ..., (15, 2, 2), (15, 2, 2)]
                            ii: [0, 1, ..., 748, 749]
                         ismax: [False, False, ..., False, False]
                       last_ii: 749
                      last_obj: 2.32018
                       last_xx: (3, 224, 224) array [0.0132842403244, 0.00557513515615, ...]
                  majority_obj: None
                   majority_xx: None
                   meta_result: Metaresult: majority failure
                          norm: [20.5668045944, 2884.49661426, ..., 27.1805563168, 24.3624731289]
                           obj: [0.0, 0.927778, ..., 2.56624, 2.32018]
                           std: [5.58935924311, 4.56635781405, ..., 0.0700566781552, 0.0627931880865]
                            x0: (3, 1, 1) array [17.6405234597, 4.00157208367, ...]

