FindParams:
                    blur_every: 0
                   blur_radius: 0
                         decay: 0.3
                     lr_params: {'lr': 100.0}
                     lr_policy: constant
                      max_iter: 750
                  push_channel: 341
                      push_dir: 1
                    push_layer: inception_5b/3x3
                  push_spatial: (0, 0)
                     push_unit: (341, 0, 0)
     px_abs_benefit_percentile: 0
         px_benefit_percentile: 0
                     rand_seed: 0
         small_norm_percentile: 20.0
          small_val_percentile: 0
                      start_at: mean_plus_rand


FindResults:
                       best_ii: 186
                      best_obj: 1.84903
                       best_xx: (3, 224, 224) array [-0.000781290763115, -0.00584934837499, ...]
                          dist: [1.02043931465e-14, 2402.64495979, ..., 4606.90406853, 4606.91323985]
                        idxmax: [(108, 3, 3), (0, 1, 1), ..., (307, 1, 1), (307, 1, 1)]
                            ii: [0, 1, ..., 748, 749]
                         ismax: [False, False, ..., False, False]
                       last_ii: 749
                      last_obj: 1.46232
                       last_xx: (3, 224, 224) array [0.00367594141505, -0.0129972620624, ...]
                  majority_obj: None
                   majority_xx: None
                   meta_result: Metaresult: majority failure
                          norm: [20.5668045944, 2884.49624961, ..., 27.5797158512, 27.0987267335]
                           obj: [0.0, 0.0, ..., 1.41525, 1.46232]
                           std: [5.58935924311, 4.5663687506, ..., 0.0710854801133, 0.069845744467]
                            x0: (3, 1, 1) array [17.6405234597, 4.00157208367, ...]

