FindParams:
                    blur_every: 0
                   blur_radius: 0
                         decay: 0.3
                     lr_params: {'lr': 100.0}
                     lr_policy: constant
                      max_iter: 750
                  push_channel: 346
                      push_dir: 1
                    push_layer: inception_5b/3x3
                  push_spatial: (0, 0)
                     push_unit: (346, 0, 0)
     px_abs_benefit_percentile: 0
         px_benefit_percentile: 0
                     rand_seed: 0
         small_norm_percentile: 20.0
          small_val_percentile: 0
                      start_at: mean_plus_rand


FindResults:
                       best_ii: 461
                      best_obj: 3.21929
                       best_xx: (3, 224, 224) array [-4.71080738862e-07, -0.00721597397518, ...]
                          dist: [1.02043931465e-14, 2402.63121966, ..., 4607.00656807, 4607.00770919]
                        idxmax: [(108, 3, 3), (0, 1, 1), ..., (346, 1, 1), (346, 1, 1)]
                            ii: [0, 1, ..., 748, 749]
                         ismax: [False, False, ..., False, False]
                       last_ii: 749
                      last_obj: 3.02814
                       last_xx: (3, 224, 224) array [-0.000695972354151, -0.00127750977897, ...]
                  majority_obj: None
                   majority_xx: None
                   meta_result: Metaresult: majority failure
                          norm: [20.5668045944, 2884.52328822, ..., 23.0227401743, 24.8004359035]
                           obj: [0.0, 0.0, ..., 2.95917, 3.02814]
                           std: [5.58935924311, 4.56637459649, ..., 0.05934010499, 0.0639220398018]
                            x0: (3, 1, 1) array [17.6405234597, 4.00157208367, ...]

