FindParams:
                    blur_every: 0
                   blur_radius: 0
                         decay: 0.3
                     lr_params: {'lr': 100.0}
                     lr_policy: constant
                      max_iter: 750
                  push_channel: 338
                      push_dir: 1
                    push_layer: inception_5b/3x3
                  push_spatial: (0, 0)
                     push_unit: (338, 0, 0)
     px_abs_benefit_percentile: 0
         px_benefit_percentile: 0
                     rand_seed: 0
         small_norm_percentile: 20.0
          small_val_percentile: 0
                      start_at: mean_plus_rand


FindResults:
                       best_ii: 271
                      best_obj: 4.22983
                       best_xx: (3, 224, 224) array [-0.00292717256217, -0.00204575920245, ...]
                          dist: [1.02043931465e-14, 2402.63461144, ..., 4606.93953951, 4606.9332752]
                        idxmax: [(108, 3, 3), (0, 1, 1), ..., (338, 1, 1), (338, 1, 1)]
                            ii: [0, 1, ..., 748, 749]
                         ismax: [False, False, ..., False, False]
                       last_ii: 749
                      last_obj: 3.68302
                       last_xx: (3, 224, 224) array [-0.000908531154138, -0.00474893713491, ...]
                  majority_obj: None
                   majority_xx: None
                   meta_result: Metaresult: majority failure
                          norm: [20.5668045944, 2884.51640278, ..., 34.1836015227, 35.7490176315]
                           obj: [0.371864, 0.0, ..., 3.74758, 3.68302]
                           std: [5.58935924311, 4.56636802546, ..., 0.0881067387358, 0.0921415314867]
                            x0: (3, 1, 1) array [17.6405234597, 4.00157208367, ...]

