FindParams:
                    blur_every: 0
                   blur_radius: 0
                         decay: 0.3
                     lr_params: {'lr': 100.0}
                     lr_policy: constant
                      max_iter: 750
                  push_channel: 307
                      push_dir: 1
                    push_layer: inception_5b/3x3
                  push_spatial: (0, 0)
                     push_unit: (307, 0, 0)
     px_abs_benefit_percentile: 0
         px_benefit_percentile: 0
                     rand_seed: 0
         small_norm_percentile: 20.0
          small_val_percentile: 0
                      start_at: mean_plus_rand


FindResults:
                       best_ii: 654
                      best_obj: 4.04539
                       best_xx: (3, 224, 224) array [0.000443186788587, -0.0032674759458, ...]
                          dist: [1.02043931465e-14, 2402.62308407, ..., 4606.99193135, 4606.99422789]
                        idxmax: [(108, 3, 3), (52, 1, 1), ..., (307, 1, 1), (307, 1, 1)]
                            ii: [0, 1, ..., 748, 749]
                         ismax: [False, False, ..., False, False]
                       last_ii: 749
                      last_obj: 3.29274
                       last_xx: (3, 224, 224) array [-0.0037925074638, -0.0253464689967, ...]
                  majority_obj: None
                   majority_xx: None
                   meta_result: Metaresult: majority failure
                          norm: [20.5668045944, 2884.53933365, ..., 24.7625028828, 23.5854387402]
                           obj: [0.470446, 0.569962, ..., 3.82067, 3.29274]
                           std: [5.58935924311, 4.56636910997, ..., 0.0638242754159, 0.0607904437574]
                            x0: (3, 1, 1) array [17.6405234597, 4.00157208367, ...]

