FindParams:
                    blur_every: 0
                   blur_radius: 0
                         decay: 0.3
                     lr_params: {'lr': 100.0}
                     lr_policy: constant
                      max_iter: 750
                  push_channel: 320
                      push_dir: 1
                    push_layer: inception_5b/3x3
                  push_spatial: (0, 0)
                     push_unit: (320, 0, 0)
     px_abs_benefit_percentile: 0
         px_benefit_percentile: 0
                     rand_seed: 0
         small_norm_percentile: 20.0
          small_val_percentile: 0
                      start_at: mean_plus_rand


FindResults:
                       best_ii: 419
                      best_obj: 3.29165
                       best_xx: (3, 224, 224) array [0.000191656415282, -0.0207155718323, ...]
                          dist: [1.02043931465e-14, 2402.62911344, ..., 4606.9931582, 4606.96426938]
                        idxmax: [(108, 3, 3), (187, 5, 3), ..., (320, 1, 1), (320, 1, 1)]
                            ii: [0, 1, ..., 748, 749]
                         ismax: [False, False, ..., False, False]
                       last_ii: 749
                      last_obj: 2.93921
                       last_xx: (3, 224, 224) array [-0.0106833195991, -0.0249004427329, ...]
                  majority_obj: None
                   majority_xx: None
                   meta_result: Metaresult: majority failure
                          norm: [20.5668045944, 2884.52720588, ..., 40.2784259667, 35.1028893129]
                           obj: [0.442741, 0.793939, ..., 2.76338, 2.93921]
                           std: [5.58935924311, 4.56636890056, ..., 0.103815889254, 0.0904761624825]
                            x0: (3, 1, 1) array [17.6405234597, 4.00157208367, ...]

