FindParams:
                    blur_every: 0
                   blur_radius: 0
                         decay: 0.3
                     lr_params: {'lr': 100.0}
                     lr_policy: constant
                      max_iter: 750
                  push_channel: 362
                      push_dir: 1
                    push_layer: inception_5b/3x3
                  push_spatial: (0, 0)
                     push_unit: (362, 0, 0)
     px_abs_benefit_percentile: 0
         px_benefit_percentile: 0
                     rand_seed: 0
         small_norm_percentile: 20.0
          small_val_percentile: 0
                      start_at: mean_plus_rand


FindResults:
                       best_ii: 735
                      best_obj: 5.86545
                       best_xx: (3, 224, 224) array [0.0295112352948, 0.0302977826758, ...]
                          dist: [1.02043931465e-14, 2402.62187443, ..., 4607.10702836, 4607.10285236]
                        idxmax: [(108, 3, 3), (52, 1, 1), ..., (256, 1, 1), (294, 1, 1)]
                            ii: [0, 1, ..., 748, 749]
                         ismax: [False, False, ..., False, False]
                       last_ii: 749
                      last_obj: 4.16104
                       last_xx: (3, 224, 224) array [0.0854125373881, 0.0913559395379, ...]
                  majority_obj: None
                   majority_xx: None
                   meta_result: Metaresult: majority failure
                          norm: [20.5668045944, 2884.54145253, ..., 51.1210430309, 51.6554507598]
                           obj: [0.0611, 0.0, ..., 5.12609, 4.16104]
                           std: [5.58935924311, 4.56639425197, ..., 0.131762083539, 0.133139557991]
                            x0: (3, 1, 1) array [17.6405234597, 4.00157208367, ...]

