FindParams:
                    blur_every: 0
                   blur_radius: 0
                         decay: 0.3
                     lr_params: {'lr': 100.0}
                     lr_policy: constant
                      max_iter: 750
                  push_channel: 373
                      push_dir: 1
                    push_layer: inception_5b/3x3
                  push_spatial: (0, 0)
                     push_unit: (373, 0, 0)
     px_abs_benefit_percentile: 0
         px_benefit_percentile: 0
                     rand_seed: 0
         small_norm_percentile: 20.0
          small_val_percentile: 0
                      start_at: mean_plus_rand


FindResults:
                       best_ii: 736
                      best_obj: 1.34775
                       best_xx: (3, 224, 224) array [0.00783230827675, 0.082122881537, ...]
                          dist: [1.02043931465e-14, 2402.64574421, ..., 4606.9424153, 4606.94834381]
                        idxmax: [(108, 3, 3), (0, 1, 1), ..., (88, 3, 3), (88, 3, 3)]
                            ii: [0, 1, ..., 748, 749]
                         ismax: [False, False, ..., False, False]
                       last_ii: 749
                      last_obj: 1.22121
                       last_xx: (3, 224, 224) array [0.00881410797041, 0.0394093266531, ...]
                  majority_obj: None
                   majority_xx: None
                   meta_result: Metaresult: majority failure
                          norm: [20.5668045944, 2884.4947057, ..., 22.2143592854, 19.8838505371]
                           obj: [0.0, 0.0, ..., 1.27761, 1.22121]
                           std: [5.58935924311, 4.56636668149, ..., 0.0572565284809, 0.0512497478248]
                            x0: (3, 1, 1) array [17.6405234597, 4.00157208367, ...]

