FindParams:
                    blur_every: 0
                   blur_radius: 0
                         decay: 0.3
                     lr_params: {'lr': 100.0}
                     lr_policy: constant
                      max_iter: 750
                  push_channel: 369
                      push_dir: 1
                    push_layer: inception_5b/3x3
                  push_spatial: (0, 0)
                     push_unit: (369, 0, 0)
     px_abs_benefit_percentile: 0
         px_benefit_percentile: 0
                     rand_seed: 0
         small_norm_percentile: 20.0
          small_val_percentile: 0
                      start_at: mean_plus_rand


FindResults:
                       best_ii: 474
                      best_obj: 4.14049
                       best_xx: (3, 224, 224) array [-0.0190745025747, 0.0156210947261, ...]
                          dist: [1.02043931465e-14, 2402.61533972, ..., 4606.98539979, 4606.97436616]
                        idxmax: [(108, 3, 3), (0, 1, 1), ..., (374, 1, 1), (14, 1, 1)]
                            ii: [0, 1, ..., 748, 749]
                         ismax: [False, False, ..., False, False]
                       last_ii: 749
                      last_obj: 3.4115
                       last_xx: (3, 224, 224) array [-0.00187308675096, -0.0021433292184, ...]
                  majority_obj: None
                   majority_xx: None
                   meta_result: Metaresult: majority failure
                          norm: [20.5668045944, 2884.55437739, ..., 31.7074660693, 34.2723387728]
                           obj: [0.11893, 0.0, ..., 3.48769, 3.4115]
                           std: [5.58935924311, 4.56637993572, ..., 0.0817245894638, 0.0883354471562]
                            x0: (3, 1, 1) array [17.6405234597, 4.00157208367, ...]

