FindParams:
                    blur_every: 0
                   blur_radius: 0
                         decay: 0.3
                     lr_params: {'lr': 100.0}
                     lr_policy: constant
                      max_iter: 750
                  push_channel: 356
                      push_dir: 1
                    push_layer: inception_5b/3x3
                  push_spatial: (0, 0)
                     push_unit: (356, 0, 0)
     px_abs_benefit_percentile: 0
         px_benefit_percentile: 0
                     rand_seed: 0
         small_norm_percentile: 20.0
          small_val_percentile: 0
                      start_at: mean_plus_rand


FindResults:
                       best_ii: 682
                      best_obj: 2.51166
                       best_xx: (3, 224, 224) array [-0.00471354099903, -0.010126912415, ...]
                          dist: [1.02043931465e-14, 2402.62524197, ..., 4606.9712185, 4606.96479038]
                        idxmax: [(108, 3, 3), (0, 1, 1), ..., (356, 1, 1), (356, 1, 1)]
                            ii: [0, 1, ..., 748, 749]
                         ismax: [False, False, ..., False, False]
                       last_ii: 749
                      last_obj: 2.23665
                       last_xx: (3, 224, 224) array [0.0365030648767, -0.00604033072275, ...]
                  majority_obj: None
                   majority_xx: None
                   meta_result: Metaresult: majority failure
                          norm: [20.5668045944, 2884.53480325, ..., 25.3508088486, 23.251171691]
                           obj: [0.0, 0.0, ..., 2.10101, 2.23665]
                           std: [5.58935924311, 4.56637143505, ..., 0.0653406052687, 0.0599288829504]
                            x0: (3, 1, 1) array [17.6405234597, 4.00157208367, ...]

