FindParams:
                    blur_every: 0
                   blur_radius: 0
                         decay: 0.3
                     lr_params: {'lr': 100.0}
                     lr_policy: constant
                      max_iter: 750
                  push_channel: 318
                      push_dir: 1
                    push_layer: inception_5b/3x3
                  push_spatial: (0, 0)
                     push_unit: (318, 0, 0)
     px_abs_benefit_percentile: 0
         px_benefit_percentile: 0
                     rand_seed: 0
         small_norm_percentile: 20.0
          small_val_percentile: 0
                      start_at: mean_plus_rand


FindResults:
                       best_ii: 709
                      best_obj: 3.12938
                       best_xx: (3, 224, 224) array [0.0355262796298, 0.0593304774824, ...]
                          dist: [1.02043931465e-14, 2402.64891394, ..., 4607.07324711, 4607.08095059]
                        idxmax: [(108, 3, 3), (0, 1, 1), ..., (330, 1, 1), (330, 1, 1)]
                            ii: [0, 1, ..., 748, 749]
                         ismax: [False, False, ..., False, False]
                       last_ii: 749
                      last_obj: 2.6703
                       last_xx: (3, 224, 224) array [0.0060755905202, 0.0113722648546, ...]
                  majority_obj: None
                   majority_xx: None
                   meta_result: Metaresult: majority failure
                          norm: [20.5668045944, 2884.48855344, ..., 34.4372632447, 33.7390159432]
                           obj: [0.0, 0.0, ..., 2.53663, 2.6703]
                           std: [5.58935924311, 4.5663551759, ..., 0.0887605074693, 0.0869607625875]
                            x0: (3, 1, 1) array [17.6405234597, 4.00157208367, ...]

