FindParams:
                    blur_every: 0
                   blur_radius: 0
                         decay: 0.3
                     lr_params: {'lr': 100.0}
                     lr_policy: constant
                      max_iter: 750
                  push_channel: 375
                      push_dir: 1
                    push_layer: inception_5b/3x3
                  push_spatial: (0, 0)
                     push_unit: (375, 0, 0)
     px_abs_benefit_percentile: 0
         px_benefit_percentile: 0
                     rand_seed: 0
         small_norm_percentile: 20.0
          small_val_percentile: 0
                      start_at: mean_plus_rand


FindResults:
                       best_ii: 614
                      best_obj: 2.47835
                       best_xx: (3, 224, 224) array [0.004572631527, 0.00628867918466, ...]
                          dist: [1.02043931465e-14, 2402.60235, ..., 4606.94163578, 4606.93714545]
                        idxmax: [(108, 3, 3), (0, 1, 1), ..., (88, 3, 3), (88, 3, 3)]
                            ii: [0, 1, ..., 748, 749]
                         ismax: [False, False, ..., False, False]
                       last_ii: 749
                      last_obj: 2.26638
                       last_xx: (3, 224, 224) array [-0.0011273834802, 0.00537286249093, ...]
                  majority_obj: None
                   majority_xx: None
                   meta_result: Metaresult: majority failure
                          norm: [20.5668045944, 2884.57973134, ..., 27.8888191339, 29.1465166162]
                           obj: [0.0, 0.892607, ..., 1.85584, 2.26638]
                           std: [5.58935924311, 4.56639776013, ..., 0.0718822162505, 0.075123879485]
                            x0: (3, 1, 1) array [17.6405234597, 4.00157208367, ...]

