FindParams:
                    blur_every: 0
                   blur_radius: 0
                         decay: 0.3
                     lr_params: {'lr': 100.0}
                     lr_policy: constant
                      max_iter: 750
                  push_channel: 325
                      push_dir: 1
                    push_layer: inception_5b/3x3
                  push_spatial: (0, 0)
                     push_unit: (325, 0, 0)
     px_abs_benefit_percentile: 0
         px_benefit_percentile: 0
                     rand_seed: 0
         small_norm_percentile: 20.0
          small_val_percentile: 0
                      start_at: mean_plus_rand


FindResults:
                       best_ii: 732
                      best_obj: 2.40352
                       best_xx: (3, 224, 224) array [-0.00499765514407, -0.00899818345036, ...]
                          dist: [1.02043931465e-14, 2402.63303084, ..., 4607.03677303, 4607.03816773]
                        idxmax: [(108, 3, 3), (52, 1, 1), ..., (88, 3, 3), (19, 1, 1)]
                            ii: [0, 1, ..., 748, 749]
                         ismax: [False, False, ..., False, False]
                       last_ii: 749
                      last_obj: 1.64508
                       last_xx: (3, 224, 224) array [-6.28345200653e-05, -0.014272941913, ...]
                  majority_obj: None
                   majority_xx: None
                   meta_result: Metaresult: majority failure
                          norm: [20.5668045944, 2884.51957396, ..., 41.2263261171, 39.7189334182]
                           obj: [0.0, 0.0, ..., 1.44696, 1.64508]
                           std: [5.58935924311, 4.56638135836, ..., 0.106258978978, 0.102373712366]
                            x0: (3, 1, 1) array [17.6405234597, 4.00157208367, ...]

