FindParams:
                    blur_every: 0
                   blur_radius: 0
                         decay: 0.3
                     lr_params: {'lr': 100.0}
                     lr_policy: constant
                      max_iter: 750
                  push_channel: 380
                      push_dir: 1
                    push_layer: inception_5b/3x3
                  push_spatial: (0, 0)
                     push_unit: (380, 0, 0)
     px_abs_benefit_percentile: 0
         px_benefit_percentile: 0
                     rand_seed: 0
         small_norm_percentile: 20.0
          small_val_percentile: 0
                      start_at: mean_plus_rand


FindResults:
                       best_ii: 333
                      best_obj: 5.39298
                       best_xx: (3, 224, 224) array [0.00915337489739, 0.010357874619, ...]
                          dist: [1.02043931465e-14, 2402.6378202, ..., 4606.99263314, 4607.0295333]
                        idxmax: [(108, 3, 3), (186, 1, 1), ..., (380, 1, 1), (160, 1, 1)]
                            ii: [0, 1, ..., 748, 749]
                         ismax: [False, False, ..., False, False]
                       last_ii: 749
                      last_obj: 4.73193
                       last_xx: (3, 224, 224) array [-0.00526387396484, -0.0160081012996, ...]
                  majority_obj: None
                   majority_xx: None
                   meta_result: Metaresult: majority failure
                          norm: [20.5668045944, 2884.51016423, ..., 35.0855493449, 40.0953279302]
                           obj: [0.0, 1.12829, ..., 4.8112, 4.73193]
                           std: [5.58935924311, 4.56636841218, ..., 0.0904313464211, 0.103343857432]
                            x0: (3, 1, 1) array [17.6405234597, 4.00157208367, ...]

