FindParams:
                    blur_every: 0
                   blur_radius: 0
                         decay: 0.3
                     lr_params: {'lr': 100.0}
                     lr_policy: constant
                      max_iter: 750
                  push_channel: 337
                      push_dir: 1
                    push_layer: inception_5b/3x3
                  push_spatial: (0, 0)
                     push_unit: (337, 0, 0)
     px_abs_benefit_percentile: 0
         px_benefit_percentile: 0
                     rand_seed: 0
         small_norm_percentile: 20.0
          small_val_percentile: 0
                      start_at: mean_plus_rand


FindResults:
                       best_ii: 604
                      best_obj: 3.61055
                       best_xx: (3, 224, 224) array [-0.000927799981056, -0.00338803832742, ...]
                          dist: [1.02043931465e-14, 2402.63938448, ..., 4606.98019552, 4607.00799984]
                        idxmax: [(108, 3, 3), (160, 4, 3), ..., (95, 1, 1), (121, 1, 1)]
                            ii: [0, 1, ..., 748, 749]
                         ismax: [False, False, ..., False, False]
                       last_ii: 749
                      last_obj: 3.07516
                       last_xx: (3, 224, 224) array [0.00328613251631, 5.77940936353e-06, ...]
                  majority_obj: None
                   majority_xx: None
                   meta_result: Metaresult: majority failure
                          norm: [20.5668045944, 2884.50724462, ..., 29.2508993907, 28.8851786573]
                           obj: [0.503823, 0.0, ..., 3.19386, 3.07516]
                           std: [5.58935924311, 4.56636421226, ..., 0.0753929223389, 0.0744502923239]
                            x0: (3, 1, 1) array [17.6405234597, 4.00157208367, ...]

