FindParams:
                    blur_every: 0
                   blur_radius: 0
                         decay: 0.3
                     lr_params: {'lr': 100.0}
                     lr_policy: constant
                      max_iter: 750
                  push_channel: 364
                      push_dir: 1
                    push_layer: inception_5b/3x3
                  push_spatial: (0, 0)
                     push_unit: (364, 0, 0)
     px_abs_benefit_percentile: 0
         px_benefit_percentile: 0
                     rand_seed: 0
         small_norm_percentile: 20.0
          small_val_percentile: 0
                      start_at: mean_plus_rand


FindResults:
                       best_ii: 658
                      best_obj: 4.03149
                       best_xx: (3, 224, 224) array [0.00694279758285, 0.0119314670898, ...]
                          dist: [1.02043931465e-14, 2402.61711596, ..., 4607.04139848, 4606.96764488]
                        idxmax: [(108, 3, 3), (79, 4, 1), ..., (364, 1, 1), (364, 1, 1)]
                            ii: [0, 1, ..., 748, 749]
                         ismax: [False, False, ..., False, False]
                       last_ii: 749
                      last_obj: 3.9755
                       last_xx: (3, 224, 224) array [0.0339741861447, 0.00627256273046, ...]
                  majority_obj: None
                   majority_xx: None
                   meta_result: Metaresult: majority failure
                          norm: [20.5668045944, 2884.55085614, ..., 47.2572056809, 36.5551564828]
                           obj: [0.413477, 0.728926, ..., 3.8477, 3.9755]
                           std: [5.58935924311, 4.5664036105, ..., 0.121803387978, 0.0942193240972]
                            x0: (3, 1, 1) array [17.6405234597, 4.00157208367, ...]

