FindParams:
                    blur_every: 0
                   blur_radius: 0
                         decay: 0.3
                     lr_params: {'lr': 100.0}
                     lr_policy: constant
                      max_iter: 750
                  push_channel: 321
                      push_dir: 1
                    push_layer: inception_5b/3x3
                  push_spatial: (0, 0)
                     push_unit: (321, 0, 0)
     px_abs_benefit_percentile: 0
         px_benefit_percentile: 0
                     rand_seed: 0
         small_norm_percentile: 20.0
          small_val_percentile: 0
                      start_at: mean_plus_rand


FindResults:
                       best_ii: 605
                      best_obj: 3.21384
                       best_xx: (3, 224, 224) array [-0.0212045903903, -0.0220918513128, ...]
                          dist: [1.02043931465e-14, 2402.6244613, ..., 4606.93563437, 4607.00087648]
                        idxmax: [(108, 3, 3), (0, 1, 1), ..., (335, 2, 1), (160, 1, 1)]
                            ii: [0, 1, ..., 748, 749]
                         ismax: [False, False, ..., False, False]
                       last_ii: 749
                      last_obj: 2.33598
                       last_xx: (3, 224, 224) array [-0.00370579439335, 0.00414506428518, ...]
                  majority_obj: None
                   majority_xx: None
                   meta_result: Metaresult: majority failure
                          norm: [20.5668045944, 2884.53622916, ..., 31.5295787148, 38.6297899277]
                           obj: [0.640143, 0.0, ..., 2.16325, 2.33598]
                           std: [5.58935924311, 4.56638332202, ..., 0.0812661134822, 0.0995665913883]
                            x0: (3, 1, 1) array [17.6405234597, 4.00157208367, ...]

