FindParams:
                    blur_every: 0
                   blur_radius: 0
                         decay: 0.3
                     lr_params: {'lr': 100.0}
                     lr_policy: constant
                      max_iter: 750
                  push_channel: 378
                      push_dir: 1
                    push_layer: inception_5b/3x3
                  push_spatial: (0, 0)
                     push_unit: (378, 0, 0)
     px_abs_benefit_percentile: 0
         px_benefit_percentile: 0
                     rand_seed: 0
         small_norm_percentile: 20.0
          small_val_percentile: 0
                      start_at: mean_plus_rand


FindResults:
                       best_ii: 214
                      best_obj: 3.01411
                       best_xx: (3, 224, 224) array [0.11901147763, 0.194815111577, ...]
                          dist: [1.02043931465e-14, 2402.63009528, ..., 4606.99899194, 4607.03021831]
                        idxmax: [(108, 3, 3), (0, 1, 1), ..., (378, 1, 1), (378, 1, 1)]
                            ii: [0, 1, ..., 748, 749]
                         ismax: [False, False, ..., False, False]
                       last_ii: 749
                      last_obj: 2.79816
                       last_xx: (3, 224, 224) array [0.0251118623002, -0.018111664776, ...]
                  majority_obj: None
                   majority_xx: None
                   meta_result: Metaresult: majority failure
                          norm: [20.5668045944, 2884.52532423, ..., 27.8662178619, 34.0646849409]
                           obj: [0.883441, 0.0913125, ..., 2.68436, 2.79816]
                           std: [5.58935924311, 4.56637505578, ..., 0.0718239649682, 0.0878002350975]
                            x0: (3, 1, 1) array [17.6405234597, 4.00157208367, ...]

