FindParams:
                    blur_every: 0
                   blur_radius: 0
                         decay: 0.3
                     lr_params: {'lr': 100.0}
                     lr_policy: constant
                      max_iter: 750
                  push_channel: 361
                      push_dir: 1
                    push_layer: inception_5b/3x3
                  push_spatial: (0, 0)
                     push_unit: (361, 0, 0)
     px_abs_benefit_percentile: 0
         px_benefit_percentile: 0
                     rand_seed: 0
         small_norm_percentile: 20.0
          small_val_percentile: 0
                      start_at: mean_plus_rand


FindResults:
                       best_ii: 341
                      best_obj: 4.05327
                       best_xx: (3, 224, 224) array [0.0019461977685, 0.00820591887452, ...]
                          dist: [1.02043931465e-14, 2402.61916375, ..., 4606.96580745, 4606.96582332]
                        idxmax: [(108, 3, 3), (79, 4, 1), ..., (361, 1, 1), (361, 1, 1)]
                            ii: [0, 1, ..., 748, 749]
                         ismax: [False, False, ..., False, False]
                       last_ii: 749
                      last_obj: 3.6712
                       last_xx: (3, 224, 224) array [0.00179401573399, -0.00352440312444, ...]
                  majority_obj: None
                   majority_xx: None
                   meta_result: Metaresult: majority failure
                          norm: [20.5668045944, 2884.54668649, ..., 32.2587150103, 31.5124114105]
                           obj: [0.733258, 0.0, ..., 3.60721, 3.6712]
                           std: [5.58935924311, 4.56638702003, ..., 0.0831454266338, 0.0812218617458]
                            x0: (3, 1, 1) array [17.6405234597, 4.00157208367, ...]

