FindParams:
                    blur_every: 0
                   blur_radius: 0
                         decay: 0.3
                     lr_params: {'lr': 100.0}
                     lr_policy: constant
                      max_iter: 750
                  push_channel: 365
                      push_dir: 1
                    push_layer: inception_5b/3x3
                  push_spatial: (0, 0)
                     push_unit: (365, 0, 0)
     px_abs_benefit_percentile: 0
         px_benefit_percentile: 0
                     rand_seed: 0
         small_norm_percentile: 20.0
          small_val_percentile: 0
                      start_at: mean_plus_rand


FindResults:
                       best_ii: 646
                      best_obj: 6.63683
                       best_xx: (3, 224, 224) array [0.00249507812343, 0.00120251093786, ...]
                          dist: [1.02043931465e-14, 2402.62799774, ..., 4606.99080288, 4606.97982366]
                        idxmax: [(108, 3, 3), (0, 1, 1), ..., (365, 1, 1), (365, 1, 1)]
                            ii: [0, 1, ..., 748, 749]
                         ismax: [False, False, ..., False, False]
                       last_ii: 749
                      last_obj: 5.67236
                       last_xx: (3, 224, 224) array [-0.0063516610565, 0.000616781058511, ...]
                  majority_obj: None
                   majority_xx: None
                   meta_result: Metaresult: majority failure
                          norm: [20.5668045944, 2884.52939685, ..., 52.4452381549, 51.1104663685]
                           obj: [0.0, 0.910891, ..., 5.56649, 5.67236]
                           std: [5.58935924311, 4.56637199478, ..., 0.135175246548, 0.131734988385]
                            x0: (3, 1, 1) array [17.6405234597, 4.00157208367, ...]

