FindParams:
                    blur_every: 0
                   blur_radius: 0
                         decay: 0.3
                     lr_params: {'lr': 100.0}
                     lr_policy: constant
                      max_iter: 750
                  push_channel: 308
                      push_dir: 1
                    push_layer: inception_5b/3x3
                  push_spatial: (0, 0)
                     push_unit: (308, 0, 0)
     px_abs_benefit_percentile: 0
         px_benefit_percentile: 0
                     rand_seed: 0
         small_norm_percentile: 20.0
          small_val_percentile: 0
                      start_at: mean_plus_rand


FindResults:
                       best_ii: 453
                      best_obj: 5.0429
                       best_xx: (3, 224, 224) array [-0.00163191852626, 0.0192026239743, ...]
                          dist: [1.02043931465e-14, 2402.62449596, ..., 4606.97137029, 4606.98117418]
                        idxmax: [(108, 3, 3), (52, 1, 1), ..., (308, 1, 1), (308, 1, 1)]
                            ii: [0, 1, ..., 748, 749]
                         ismax: [False, False, ..., False, False]
                       last_ii: 749
                      last_obj: 4.54337
                       last_xx: (3, 224, 224) array [-0.00360388846637, 0.00423770446763, ...]
                  majority_obj: None
                   majority_xx: None
                   meta_result: Metaresult: majority failure
                          norm: [20.5668045944, 2884.53618507, ..., 31.5863828824, 28.4933692626]
                           obj: [0.762839, 0.327961, ..., 4.48428, 4.54337]
                           std: [5.58935924311, 4.56637017832, ..., 0.0814125157121, 0.0734404186207]
                            x0: (3, 1, 1) array [17.6405234597, 4.00157208367, ...]

