FindParams:
                    blur_every: 0
                   blur_radius: 0
                         decay: 0.3
                     lr_params: {'lr': 100.0}
                     lr_policy: constant
                      max_iter: 750
                  push_channel: 335
                      push_dir: 1
                    push_layer: inception_5b/3x3
                  push_spatial: (0, 0)
                     push_unit: (335, 0, 0)
     px_abs_benefit_percentile: 0
         px_benefit_percentile: 0
                     rand_seed: 0
         small_norm_percentile: 20.0
          small_val_percentile: 0
                      start_at: mean_plus_rand


FindResults:
                       best_ii: 643
                      best_obj: 3.34601
                       best_xx: (3, 224, 224) array [0.0183526122686, 0.0159376980219, ...]
                          dist: [1.02043931465e-14, 2402.62971131, ..., 4607.02001056, 4607.01766325]
                        idxmax: [(108, 3, 3), (0, 1, 1), ..., (88, 3, 3), (335, 1, 1)]
                            ii: [0, 1, ..., 748, 749]
                         ismax: [False, False, ..., False, False]
                       last_ii: 749
                      last_obj: 2.87213
                       last_xx: (3, 224, 224) array [0.00751014087115, 0.0123221865646, ...]
                  majority_obj: None
                   majority_xx: None
                   meta_result: Metaresult: majority failure
                          norm: [20.5668045944, 2884.52623749, ..., 27.4529640169, 26.0615077637]
                           obj: [0.0, 1.37054, ..., 2.42078, 2.87213]
                           std: [5.58935924311, 4.56637040631, ..., 0.0707588215146, 0.0671724012233]
                            x0: (3, 1, 1) array [17.6405234597, 4.00157208367, ...]

