FindParams:
                    blur_every: 0
                   blur_radius: 0
                         decay: 0.3
                     lr_params: {'lr': 100.0}
                     lr_policy: constant
                      max_iter: 750
                  push_channel: 326
                      push_dir: 1
                    push_layer: inception_5b/3x3
                  push_spatial: (0, 0)
                     push_unit: (326, 0, 0)
     px_abs_benefit_percentile: 0
         px_benefit_percentile: 0
                     rand_seed: 0
         small_norm_percentile: 20.0
          small_val_percentile: 0
                      start_at: mean_plus_rand


FindResults:
                       best_ii: 740
                      best_obj: 5.10452
                       best_xx: (3, 224, 224) array [-0.000596130145553, -0.011836641983, ...]
                          dist: [1.02043931465e-14, 2402.62057534, ..., 4607.01037057, 4606.98824511]
                        idxmax: [(108, 3, 3), (52, 1, 1), ..., (326, 1, 1), (326, 1, 1)]
                            ii: [0, 1, ..., 748, 749]
                         ismax: [False, False, ..., False, False]
                       last_ii: 749
                      last_obj: 4.78156
                       last_xx: (3, 224, 224) array [-0.017592046719, -0.0215158169032, ...]
                  majority_obj: None
                   majority_xx: None
                   meta_result: Metaresult: majority failure
                          norm: [20.5668045944, 2884.54423664, ..., 34.6887632192, 30.5094362102]
                           obj: [0.318386, 0.395188, ..., 4.84456, 4.78156]
                           std: [5.58935924311, 4.56636705898, ..., 0.0894087750768, 0.0786367367353]
                            x0: (3, 1, 1) array [17.6405234597, 4.00157208367, ...]

