FindParams:
                    blur_every: 0
                   blur_radius: 0
                         decay: 0.3
                     lr_params: {'lr': 100.0}
                     lr_policy: constant
                      max_iter: 750
                  push_channel: 383
                      push_dir: 1
                    push_layer: inception_5b/3x3
                  push_spatial: (0, 0)
                     push_unit: (383, 0, 0)
     px_abs_benefit_percentile: 0
         px_benefit_percentile: 0
                     rand_seed: 0
         small_norm_percentile: 20.0
          small_val_percentile: 0
                      start_at: mean_plus_rand


FindResults:
                       best_ii: 521
                      best_obj: 1.12569
                       best_xx: (3, 224, 224) array [-0.00733000568417, -0.0177889427676, ...]
                          dist: [1.02043931465e-14, 2402.64100596, ..., 4606.96449682, 4606.9626297]
                        idxmax: [(108, 3, 3), (160, 4, 3), ..., (88, 3, 3), (88, 3, 3)]
                            ii: [0, 1, ..., 748, 749]
                         ismax: [False, False, ..., False, False]
                       last_ii: 749
                      last_obj: 0.667179
                       last_xx: (3, 224, 224) array [-0.00215536528758, -0.000899586140591, ...]
                  majority_obj: None
                   majority_xx: None
                   meta_result: Metaresult: majority failure
                          norm: [20.5668045944, 2884.50406656, ..., 18.1910250314, 18.3539485208]
                           obj: [0.0656949, 0.244303, ..., 0.392723, 0.667179]
                           std: [5.58935924311, 4.56636950494, ..., 0.0468865725293, 0.0473064943275]
                            x0: (3, 1, 1) array [17.6405234597, 4.00157208367, ...]

