FindParams:
                    blur_every: 0
                   blur_radius: 0
                         decay: 0.3
                     lr_params: {'lr': 100.0}
                     lr_policy: constant
                      max_iter: 750
                  push_channel: 330
                      push_dir: 1
                    push_layer: inception_5b/3x3
                  push_spatial: (0, 0)
                     push_unit: (330, 0, 0)
     px_abs_benefit_percentile: 0
         px_benefit_percentile: 0
                     rand_seed: 0
         small_norm_percentile: 20.0
          small_val_percentile: 0
                      start_at: mean_plus_rand


FindResults:
                       best_ii: 583
                      best_obj: 4.29428
                       best_xx: (3, 224, 224) array [-0.00856618805436, -0.0211276344549, ...]
                          dist: [1.02043931465e-14, 2402.63930685, ..., 4606.99751392, 4607.00888258]
                        idxmax: [(108, 3, 3), (0, 1, 1), ..., (330, 1, 1), (330, 1, 1)]
                            ii: [0, 1, ..., 748, 749]
                         ismax: [False, False, ..., False, False]
                       last_ii: 749
                      last_obj: 3.96375
                       last_xx: (3, 224, 224) array [0.0139822781754, 0.0162666407569, ...]
                  majority_obj: None
                   majority_xx: None
                   meta_result: Metaresult: majority failure
                          norm: [20.5668045944, 2884.50737532, ..., 30.7754318425, 31.187358635]
                           obj: [0.0, 0.304463, ..., 3.89422, 3.96375]
                           std: [5.58935924311, 4.56637466791, ..., 0.079322293683, 0.080384003645]
                            x0: (3, 1, 1) array [17.6405234597, 4.00157208367, ...]

