FindParams:
                    blur_every: 0
                   blur_radius: 0
                         decay: 0.3
                     lr_params: {'lr': 100.0}
                     lr_policy: constant
                      max_iter: 750
                  push_channel: 342
                      push_dir: 1
                    push_layer: inception_5b/3x3
                  push_spatial: (0, 0)
                     push_unit: (342, 0, 0)
     px_abs_benefit_percentile: 0
         px_benefit_percentile: 0
                     rand_seed: 0
         small_norm_percentile: 20.0
          small_val_percentile: 0
                      start_at: mean_plus_rand


FindResults:
                       best_ii: 705
                      best_obj: 2.95236
                       best_xx: (3, 224, 224) array [0.00284791025767, 0.0248584382238, ...]
                          dist: [1.02043931465e-14, 2402.6295763, ..., 4607.04442197, 4607.02724995]
                        idxmax: [(108, 3, 3), (186, 2, 2), ..., (342, 1, 1), (342, 1, 1)]
                            ii: [0, 1, ..., 748, 749]
                         ismax: [False, False, ..., False, False]
                       last_ii: 749
                      last_obj: 2.89242
                       last_xx: (3, 224, 224) array [-0.0063878243225, 0.0440848354754, ...]
                  majority_obj: None
                   majority_xx: None
                   meta_result: Metaresult: majority failure
                          norm: [20.5668045944, 2884.52638847, ..., 33.7642391709, 32.5912196185]
                           obj: [0.0, 0.0, ..., 2.80534, 2.89242]
                           std: [5.58935924311, 4.56638067262, ..., 0.0870258572704, 0.0840024420378]
                            x0: (3, 1, 1) array [17.6405234597, 4.00157208367, ...]

