FindParams:
                    blur_every: 0
                   blur_radius: 0
                         decay: 0.3
                     lr_params: {'lr': 100.0}
                     lr_policy: constant
                      max_iter: 750
                  push_channel: 371
                      push_dir: 1
                    push_layer: inception_5b/3x3
                  push_spatial: (0, 0)
                     push_unit: (371, 0, 0)
     px_abs_benefit_percentile: 0
         px_benefit_percentile: 0
                     rand_seed: 0
         small_norm_percentile: 20.0
          small_val_percentile: 0
                      start_at: mean_plus_rand


FindResults:
                       best_ii: 608
                      best_obj: 2.82849
                       best_xx: (3, 224, 224) array [-4.38271342489e-05, -0.00739691517619, ...]
                          dist: [1.02043931465e-14, 2402.63865006, ..., 4606.97125974, 4606.97182761]
                        idxmax: [(108, 3, 3), (0, 1, 1), ..., (303, 1, 1), (303, 2, 1)]
                            ii: [0, 1, ..., 748, 749]
                         ismax: [False, False, ..., False, False]
                       last_ii: 749
                      last_obj: 2.26963
                       last_xx: (3, 224, 224) array [-0.00848918323724, -0.0333113035834, ...]
                  majority_obj: None
                   majority_xx: None
                   meta_result: Metaresult: majority failure
                          norm: [20.5668045944, 2884.50854364, ..., 29.0077521481, 29.7749580284]
                           obj: [0.177934, 0.0, ..., 2.0496, 2.26963]
                           std: [5.58935924311, 4.56636939062, ..., 0.0747662207402, 0.0767436607135]
                            x0: (3, 1, 1) array [17.6405234597, 4.00157208367, ...]

