FindParams:
                    blur_every: 0
                   blur_radius: 0
                         decay: 0.3
                     lr_params: {'lr': 100.0}
                     lr_policy: constant
                      max_iter: 750
                  push_channel: 351
                      push_dir: 1
                    push_layer: inception_5b/3x3
                  push_spatial: (0, 0)
                     push_unit: (351, 0, 0)
     px_abs_benefit_percentile: 0
         px_benefit_percentile: 0
                     rand_seed: 0
         small_norm_percentile: 20.0
          small_val_percentile: 0
                      start_at: mean_plus_rand


FindResults:
                       best_ii: 662
                      best_obj: 4.26394
                       best_xx: (3, 224, 224) array [-0.00178401499424, 0.00264711949571, ...]
                          dist: [1.02043931465e-14, 2402.61227074, ..., 4607.04484877, 4607.05981493]
                        idxmax: [(108, 3, 3), (0, 1, 1), ..., (351, 1, 1), (294, 1, 1)]
                            ii: [0, 1, ..., 748, 749]
                         ismax: [False, False, ..., False, False]
                       last_ii: 749
                      last_obj: 3.92451
                       last_xx: (3, 224, 224) array [-0.00360787426378, -0.010930418415, ...]
                  majority_obj: None
                   majority_xx: None
                   meta_result: Metaresult: majority failure
                          norm: [20.5668045944, 2884.56027792, ..., 29.965280771, 30.0134347828]
                           obj: [0.741934, 0.443588, ..., 4.1997, 3.92451]
                           std: [5.58935924311, 4.56638358491, ..., 0.0772341435659, 0.0773582513349]
                            x0: (3, 1, 1) array [17.6405234597, 4.00157208367, ...]

