FindParams:
                    blur_every: 0
                   blur_radius: 0
                         decay: 0.3
                     lr_params: {'lr': 100.0}
                     lr_policy: constant
                      max_iter: 750
                  push_channel: 366
                      push_dir: 1
                    push_layer: inception_5b/3x3
                  push_spatial: (0, 0)
                     push_unit: (366, 0, 0)
     px_abs_benefit_percentile: 0
         px_benefit_percentile: 0
                     rand_seed: 0
         small_norm_percentile: 20.0
          small_val_percentile: 0
                      start_at: mean_plus_rand


FindResults:
                       best_ii: 703
                      best_obj: 4.14088
                       best_xx: (3, 224, 224) array [0.00173761496862, -0.00212397194838, ...]
                          dist: [1.02043931465e-14, 2402.63788364, ..., 4606.95148577, 4606.95621114]
                        idxmax: [(108, 3, 3), (0, 1, 1), ..., (344, 1, 1), (344, 1, 1)]
                            ii: [0, 1, ..., 748, 749]
                         ismax: [False, False, ..., False, False]
                       last_ii: 749
                      last_obj: 3.50164
                       last_xx: (3, 224, 224) array [0.000733307401603, -0.00265025620298, ...]
                  majority_obj: None
                   majority_xx: None
                   meta_result: Metaresult: majority failure
                          norm: [20.5668045944, 2884.51008541, ..., 34.5891419619, 35.6525784089]
                           obj: [0.0, 1.13917, ..., 3.53549, 3.50164]
                           std: [5.58935924311, 4.56637655881, ..., 0.0891520079129, 0.0918929687602]
                            x0: (3, 1, 1) array [17.6405234597, 4.00157208367, ...]

