FindParams:
                    blur_every: 0
                   blur_radius: 0
                         decay: 0.3
                     lr_params: {'lr': 100.0}
                     lr_policy: constant
                      max_iter: 750
                  push_channel: 336
                      push_dir: 1
                    push_layer: inception_5b/3x3
                  push_spatial: (0, 0)
                     push_unit: (336, 0, 0)
     px_abs_benefit_percentile: 0
         px_benefit_percentile: 0
                     rand_seed: 0
         small_norm_percentile: 20.0
          small_val_percentile: 0
                      start_at: mean_plus_rand


FindResults:
                       best_ii: 480
                      best_obj: 4.13958
                       best_xx: (3, 224, 224) array [0.000478521287832, -0.0164744352688, ...]
                          dist: [1.02043931465e-14, 2402.62754606, ..., 4607.00304142, 4606.99806902]
                        idxmax: [(108, 3, 3), (160, 4, 3), ..., (336, 1, 1), (336, 1, 1)]
                            ii: [0, 1, ..., 748, 749]
                         ismax: [False, False, ..., False, False]
                       last_ii: 749
                      last_obj: 3.61017
                       last_xx: (3, 224, 224) array [0.0, -9.59117222123e-05, ...]
                  majority_obj: None
                   majority_xx: None
                   meta_result: Metaresult: majority failure
                          norm: [20.5668045944, 2884.5304162, ..., 32.5009484271, 30.5448353594]
                           obj: [0.0421106, 0.530019, ..., 3.639, 3.61017]
                           std: [5.58935924311, 4.56636311188, ..., 0.0837697779383, 0.0787279817016]
                            x0: (3, 1, 1) array [17.6405234597, 4.00157208367, ...]

