FindParams:
                    blur_every: 0
                   blur_radius: 0
                         decay: 0.3
                     lr_params: {'lr': 100.0}
                     lr_policy: constant
                      max_iter: 750
                  push_channel: 328
                      push_dir: 1
                    push_layer: inception_5b/3x3
                  push_spatial: (0, 0)
                     push_unit: (328, 0, 0)
     px_abs_benefit_percentile: 0
         px_benefit_percentile: 0
                     rand_seed: 0
         small_norm_percentile: 20.0
          small_val_percentile: 0
                      start_at: mean_plus_rand


FindResults:
                       best_ii: 311
                      best_obj: 3.42031
                       best_xx: (3, 224, 224) array [0.0188945345366, 0.00122188802638, ...]
                          dist: [1.02043931465e-14, 2402.6389866, ..., 4606.98513562, 4606.98218729]
                        idxmax: [(108, 3, 3), (0, 1, 1), ..., (328, 1, 1), (328, 1, 1)]
                            ii: [0, 1, ..., 748, 749]
                         ismax: [False, False, ..., False, False]
                       last_ii: 749
                      last_obj: 2.83739
                       last_xx: (3, 224, 224) array [0.00629553613206, 0.0166140754831, ...]
                  majority_obj: None
                   majority_xx: None
                   meta_result: Metaresult: majority failure
                          norm: [20.5668045944, 2884.50787171, ..., 30.4419162378, 28.1415257368]
                           obj: [0.759264, 0.0, ..., 3.07483, 2.83739]
                           std: [5.58935924311, 4.56636339831, ..., 0.0784627016214, 0.0725335106128]
                            x0: (3, 1, 1) array [17.6405234597, 4.00157208367, ...]

