FindParams:
                    blur_every: 0
                   blur_radius: 0
                         decay: 0.3
                     lr_params: {'lr': 100.0}
                     lr_policy: constant
                      max_iter: 750
                  push_channel: 306
                      push_dir: 1
                    push_layer: inception_5b/3x3
                  push_spatial: (0, 0)
                     push_unit: (306, 0, 0)
     px_abs_benefit_percentile: 0
         px_benefit_percentile: 0
                     rand_seed: 0
         small_norm_percentile: 20.0
          small_val_percentile: 0
                      start_at: mean_plus_rand


FindResults:
                       best_ii: 556
                      best_obj: 3.779
                       best_xx: (3, 224, 224) array [-0.0141765518117, -0.00544430749203, ...]
                          dist: [1.02043931465e-14, 2402.63644006, ..., 4606.99093817, 4606.93885895]
                        idxmax: [(108, 3, 3), (52, 1, 1), ..., (306, 1, 1), (160, 1, 1)]
                            ii: [0, 1, ..., 748, 749]
                         ismax: [False, False, ..., False, False]
                       last_ii: 749
                      last_obj: 3.31906
                       last_xx: (3, 224, 224) array [-0.00485763245142, 0.0166797998263, ...]
                  majority_obj: None
                   majority_xx: None
                   meta_result: Metaresult: majority failure
                          norm: [20.5668045944, 2884.5128413, ..., 42.2257533057, 36.8915203517]
                           obj: [0.233016, 0.0, ..., 3.51454, 3.31906]
                           std: [5.58935924311, 4.56636175442, ..., 0.108835018545, 0.095086265555]
                            x0: (3, 1, 1) array [17.6405234597, 4.00157208367, ...]

