FindParams:
                    blur_every: 0
                   blur_radius: 0
                         decay: 0.3
                     lr_params: {'lr': 100.0}
                     lr_policy: constant
                      max_iter: 750
                  push_channel: 360
                      push_dir: 1
                    push_layer: inception_5b/3x3
                  push_spatial: (0, 0)
                     push_unit: (360, 0, 0)
     px_abs_benefit_percentile: 0
         px_benefit_percentile: 0
                     rand_seed: 0
         small_norm_percentile: 20.0
          small_val_percentile: 0
                      start_at: mean_plus_rand


FindResults:
                       best_ii: 663
                      best_obj: 4.13382
                       best_xx: (3, 224, 224) array [-0.00139755683649, -0.0346847592776, ...]
                          dist: [1.02043931465e-14, 2402.63797303, ..., 4606.9421587, 4606.93750087]
                        idxmax: [(108, 3, 3), (187, 1, 1), ..., (360, 1, 1), (370, 1, 1)]
                            ii: [0, 1, ..., 748, 749]
                         ismax: [False, False, ..., False, False]
                       last_ii: 749
                      last_obj: 3.77104
                       last_xx: (3, 224, 224) array [-0.00824762286987, -0.0198931089541, ...]
                  majority_obj: None
                   majority_xx: None
                   meta_result: Metaresult: majority failure
                          norm: [20.5668045944, 2884.5099479, ..., 28.8291564016, 30.8047055795]
                           obj: [0.0, 1.20025, ..., 3.65565, 3.77104]
                           std: [5.58935924311, 4.56636093766, ..., 0.0743058930494, 0.0793977899032]
                            x0: (3, 1, 1) array [17.6405234597, 4.00157208367, ...]

