FindParams:
                    blur_every: 0
                   blur_radius: 0
                         decay: 0.3
                     lr_params: {'lr': 100.0}
                     lr_policy: constant
                      max_iter: 750
                  push_channel: 323
                      push_dir: 1
                    push_layer: inception_5b/3x3
                  push_spatial: (0, 0)
                     push_unit: (323, 0, 0)
     px_abs_benefit_percentile: 0
         px_benefit_percentile: 0
                     rand_seed: 0
         small_norm_percentile: 20.0
          small_val_percentile: 0
                      start_at: mean_plus_rand


FindResults:
                       best_ii: 686
                      best_obj: 3.81673
                       best_xx: (3, 224, 224) array [0.000806562230764, 0.00939826207554, ...]
                          dist: [1.02043931465e-14, 2402.62071547, ..., 4606.98303694, 4606.98981161]
                        idxmax: [(108, 3, 3), (0, 1, 1), ..., (160, 1, 1), (160, 1, 1)]
                            ii: [0, 1, ..., 748, 749]
                         ismax: [False, False, ..., False, False]
                       last_ii: 749
                      last_obj: 3.49563
                       last_xx: (3, 224, 224) array [0.000400754883401, -0.00340278196137, ...]
                  majority_obj: None
                   majority_xx: None
                   meta_result: Metaresult: majority failure
                          norm: [20.5668045944, 2884.54393249, ..., 26.875361024, 28.8776876203]
                           obj: [0.467753, 0.0, ..., 3.56051, 3.49563]
                           std: [5.58935924311, 4.56639589492, ..., 0.06927007541, 0.0744309841809]
                            x0: (3, 1, 1) array [17.6405234597, 4.00157208367, ...]

