FindParams:
                    blur_every: 0
                   blur_radius: 0
                         decay: 0.3
                     lr_params: {'lr': 100.0}
                     lr_policy: constant
                      max_iter: 750
                  push_channel: 349
                      push_dir: 1
                    push_layer: inception_5b/3x3
                  push_spatial: (0, 0)
                     push_unit: (349, 0, 0)
     px_abs_benefit_percentile: 0
         px_benefit_percentile: 0
                     rand_seed: 0
         small_norm_percentile: 20.0
          small_val_percentile: 0
                      start_at: mean_plus_rand


FindResults:
                       best_ii: 576
                      best_obj: 4.52316
                       best_xx: (3, 224, 224) array [-0.0147805859138, -0.00759011614038, ...]
                          dist: [1.02043931465e-14, 2402.63790609, ..., 4606.98590373, 4606.98282091]
                        idxmax: [(108, 3, 3), (79, 4, 1), ..., (349, 1, 1), (349, 1, 1)]
                            ii: [0, 1, ..., 748, 749]
                         ismax: [False, False, ..., False, False]
                       last_ii: 749
                      last_obj: 4.11409
                       last_xx: (3, 224, 224) array [0.00803603036523, 0.0254701288803, ...]
                  majority_obj: None
                   majority_xx: None
                   meta_result: Metaresult: majority failure
                          norm: [20.5668045944, 2884.51000263, ..., 32.2796376817, 32.0524250999]
                           obj: [0.0, 0.798122, ..., 4.12716, 4.11409]
                           std: [5.58935924311, 4.56636472665, ..., 0.0831993631044, 0.082613732932]
                            x0: (3, 1, 1) array [17.6405234597, 4.00157208367, ...]

