FindParams:
                    blur_every: 0
                   blur_radius: 0
                         decay: 0.3
                     lr_params: {'lr': 100.0}
                     lr_policy: constant
                      max_iter: 750
                  push_channel: 340
                      push_dir: 1
                    push_layer: inception_5b/3x3
                  push_spatial: (0, 0)
                     push_unit: (340, 0, 0)
     px_abs_benefit_percentile: 0
         px_benefit_percentile: 0
                     rand_seed: 0
         small_norm_percentile: 20.0
          small_val_percentile: 0
                      start_at: mean_plus_rand


FindResults:
                       best_ii: 485
                      best_obj: 3.16879
                       best_xx: (3, 224, 224) array [-0.00688166486205, -0.0214375682097, ...]
                          dist: [1.02043931465e-14, 2402.6196947, ..., 4606.93666884, 4606.90649529]
                        idxmax: [(108, 3, 3), (52, 1, 1), ..., (307, 1, 1), (88, 3, 3)]
                            ii: [0, 1, ..., 748, 749]
                         ismax: [False, False, ..., False, False]
                       last_ii: 749
                      last_obj: 2.62354
                       last_xx: (3, 224, 224) array [0.0228236084744, 0.022524329469, ...]
                  majority_obj: None
                   majority_xx: None
                   meta_result: Metaresult: majority failure
                          norm: [20.5668045944, 2884.54569962, ..., 25.9043628298, 25.1574240549]
                           obj: [0.0, 0.0683524, ..., 2.67474, 2.62354]
                           std: [5.58935924311, 4.5663897115, ..., 0.0667673681961, 0.0648421662014]
                            x0: (3, 1, 1) array [17.6405234597, 4.00157208367, ...]

