FindParams:
                    blur_every: 0
                   blur_radius: 0
                         decay: 0.3
                     lr_params: {'lr': 100.0}
                     lr_policy: constant
                      max_iter: 750
                  push_channel: 309
                      push_dir: 1
                    push_layer: inception_5b/3x3
                  push_spatial: (0, 0)
                     push_unit: (309, 0, 0)
     px_abs_benefit_percentile: 0
         px_benefit_percentile: 0
                     rand_seed: 0
         small_norm_percentile: 20.0
          small_val_percentile: 0
                      start_at: mean_plus_rand


FindResults:
                       best_ii: 608
                      best_obj: 3.47972
                       best_xx: (3, 224, 224) array [-0.00136325969561, -0.00437256219124, ...]
                          dist: [1.02043931465e-14, 2402.6339088, ..., 4607.0174694, 4607.00666535]
                        idxmax: [(108, 3, 3), (0, 1, 1), ..., (49, 2, 2), (49, 2, 2)]
                            ii: [0, 1, ..., 748, 749]
                         ismax: [False, False, ..., False, False]
                       last_ii: 749
                      last_obj: 3.06176
                       last_xx: (3, 224, 224) array [-0.00582861172259, -0.00811831102551, ...]
                  majority_obj: None
                   majority_xx: None
                   meta_result: Metaresult: majority failure
                          norm: [20.5668045944, 2884.51775221, ..., 25.8174427539, 23.1743140625]
                           obj: [0.149302, 0.194818, ..., 3.24122, 3.06176]
                           std: [5.58935924311, 4.56637365526, ..., 0.0665433276637, 0.0597307757428]
                            x0: (3, 1, 1) array [17.6405234597, 4.00157208367, ...]

