FindParams:
                    blur_every: 0
                   blur_radius: 0
                         decay: 0.3
                     lr_params: {'lr': 100.0}
                     lr_policy: constant
                      max_iter: 750
                  push_channel: 359
                      push_dir: 1
                    push_layer: inception_5b/3x3
                  push_spatial: (0, 0)
                     push_unit: (359, 0, 0)
     px_abs_benefit_percentile: 0
         px_benefit_percentile: 0
                     rand_seed: 0
         small_norm_percentile: 20.0
          small_val_percentile: 0
                      start_at: mean_plus_rand


FindResults:
                       best_ii: 0
                      best_obj: 0.35952
                       best_xx: (3, 1, 1) array [17.6405234597, 4.00157208367, ...]
                          dist: [1.02043931465e-14, 2402.64531623, ..., 4606.96475797, 4606.9601924]
                        idxmax: [(108, 3, 3), (0, 1, 1), ..., (88, 3, 3), (88, 3, 3)]
                            ii: [0, 1, ..., 748, 749]
                         ismax: [False, False, ..., False, False]
                       last_ii: 749
                      last_obj: 0.213352
                       last_xx: (3, 224, 224) array [-0.00312848338528, -0.000714061992682, ...]
                  majority_obj: None
                   majority_xx: None
                   meta_result: Metaresult: majority failure
                          norm: [20.5668045944, 2884.49557551, ..., 10.5944286284, 10.1907281842]
                           obj: [0.35952, 0.0, ..., 0.206188, 0.213352]
                           std: [5.58935924311, 4.56636117205, ..., 0.0273066538439, 0.026266123978]
                            x0: (3, 1, 1) array [17.6405234597, 4.00157208367, ...]

