FindParams:
                    blur_every: 0
                   blur_radius: 0
                         decay: 0.3
                     lr_params: {'lr': 100.0}
                     lr_policy: constant
                      max_iter: 750
                  push_channel: 367
                      push_dir: 1
                    push_layer: inception_5b/3x3
                  push_spatial: (0, 0)
                     push_unit: (367, 0, 0)
     px_abs_benefit_percentile: 0
         px_benefit_percentile: 0
                     rand_seed: 0
         small_norm_percentile: 20.0
          small_val_percentile: 0
                      start_at: mean_plus_rand


FindResults:
                       best_ii: 587
                      best_obj: 3.87684
                       best_xx: (3, 224, 224) array [0.00887911514994, 0.0169909434234, ...]
                          dist: [1.02043931465e-14, 2402.63118943, ..., 4607.02965163, 4606.99623584]
                        idxmax: [(108, 3, 3), (52, 1, 1), ..., (234, 1, 1), (88, 3, 3)]
                            ii: [0, 1, ..., 748, 749]
                         ismax: [False, False, ..., False, False]
                       last_ii: 749
                      last_obj: 3.25549
                       last_xx: (3, 224, 224) array [-0.000433499467533, 0.0124221335874, ...]
                  majority_obj: None
                   majority_xx: None
                   meta_result: Metaresult: majority failure
                          norm: [20.5668045944, 2884.52314819, ..., 32.2573481257, 26.8280652685]
                           obj: [0.012407, 0.157616, ..., 3.64029, 3.25549]
                           std: [5.58935924311, 4.56638311802, ..., 0.0831418828909, 0.0691481473909]
                            x0: (3, 1, 1) array [17.6405234597, 4.00157208367, ...]

