FindParams:
                    blur_every: 0
                   blur_radius: 0
                         decay: 0.3
                     lr_params: {'lr': 100.0}
                     lr_policy: constant
                      max_iter: 750
                  push_channel: 357
                      push_dir: 1
                    push_layer: inception_5b/3x3
                  push_spatial: (0, 0)
                     push_unit: (357, 0, 0)
     px_abs_benefit_percentile: 0
         px_benefit_percentile: 0
                     rand_seed: 0
         small_norm_percentile: 20.0
          small_val_percentile: 0
                      start_at: mean_plus_rand


FindResults:
                       best_ii: 606
                      best_obj: 3.57365
                       best_xx: (3, 224, 224) array [0.0106084153323, 0.0151737959984, ...]
                          dist: [1.02043931465e-14, 2402.61793331, ..., 4606.95273871, 4606.9537618]
                        idxmax: [(108, 3, 3), (0, 1, 1), ..., (160, 1, 1), (160, 1, 1)]
                            ii: [0, 1, ..., 748, 749]
                         ismax: [False, False, ..., False, False]
                       last_ii: 749
                      last_obj: 3.04657
                       last_xx: (3, 224, 224) array [0.00381833130349, 0.00187125998127, ...]
                  majority_obj: None
                   majority_xx: None
                   meta_result: Metaresult: majority failure
                          norm: [20.5668045944, 2884.54899777, ..., 33.6613054002, 30.1107702736]
                           obj: [0.641894, 0.15042, ..., 3.49534, 3.04657]
                           std: [5.58935924311, 4.56638939906, ..., 0.0867605469473, 0.0776091998083]
                            x0: (3, 1, 1) array [17.6405234597, 4.00157208367, ...]

