FindParams:
                    blur_every: 0
                   blur_radius: 0
                         decay: 0.3
                     lr_params: {'lr': 100.0}
                     lr_policy: constant
                      max_iter: 750
                  push_channel: 343
                      push_dir: 1
                    push_layer: inception_5b/3x3
                  push_spatial: (0, 0)
                     push_unit: (343, 0, 0)
     px_abs_benefit_percentile: 0
         px_benefit_percentile: 0
                     rand_seed: 0
         small_norm_percentile: 20.0
          small_val_percentile: 0
                      start_at: mean_plus_rand


FindResults:
                       best_ii: 516
                      best_obj: 3.12189
                       best_xx: (3, 224, 224) array [-0.00534018352842, 0.00848458874209, ...]
                          dist: [1.02043931465e-14, 2402.63687864, ..., 4607.06365842, 4607.0524862]
                        idxmax: [(108, 3, 3), (66, 1, 1), ..., (353, 2, 1), (202, 2, 1)]
                            ii: [0, 1, ..., 748, 749]
                         ismax: [False, False, ..., False, False]
                       last_ii: 749
                      last_obj: 2.41208
                       last_xx: (3, 224, 224) array [0.02186912553, 0.0281525045252, ...]
                  majority_obj: None
                   majority_xx: None
                   meta_result: Metaresult: majority failure
                          norm: [20.5668045944, 2884.51208548, ..., 38.0899791956, 37.6495614138]
                           obj: [0.0938916, 0.148288, ..., 2.50916, 2.41208]
                           std: [5.58935924311, 4.5663687939, ..., 0.0981751991456, 0.0970400835305]
                            x0: (3, 1, 1) array [17.6405234597, 4.00157208367, ...]

