FindParams:
                    blur_every: 0
                   blur_radius: 0
                         decay: 0.3
                     lr_params: {'lr': 100.0}
                     lr_policy: constant
                      max_iter: 750
                  push_channel: 332
                      push_dir: 1
                    push_layer: inception_5b/3x3
                  push_spatial: (0, 0)
                     push_unit: (332, 0, 0)
     px_abs_benefit_percentile: 0
         px_benefit_percentile: 0
                     rand_seed: 0
         small_norm_percentile: 20.0
          small_val_percentile: 0
                      start_at: mean_plus_rand


FindResults:
                       best_ii: 582
                      best_obj: 4.2796
                       best_xx: (3, 224, 224) array [0.00248300735478, 0.00180558402741, ...]
                          dist: [1.02043931465e-14, 2402.62002667, ..., 4606.95321189, 4606.99321663]
                        idxmax: [(108, 3, 3), (66, 1, 1), ..., (332, 1, 1), (332, 1, 1)]
                            ii: [0, 1, ..., 748, 749]
                         ismax: [False, False, ..., False, False]
                       last_ii: 749
                      last_obj: 3.90746
                       last_xx: (3, 224, 224) array [-0.00569995743767, -0.0154010148031, ...]
                  majority_obj: None
                   majority_xx: None
                   meta_result: Metaresult: majority failure
                          norm: [20.5668045944, 2884.54488026, ..., 32.1796185963, 36.3980823387]
                           obj: [0.642207, 0.0, ..., 3.81239, 3.90746]
                           std: [5.58935924311, 4.56638262059, ..., 0.0829415649512, 0.0938144755054]
                            x0: (3, 1, 1) array [17.6405234597, 4.00157208367, ...]

