FindParams:
                    blur_every: 0
                   blur_radius: 0
                         decay: 0.3
                     lr_params: {'lr': 100.0}
                     lr_policy: constant
                      max_iter: 750
                  push_channel: 334
                      push_dir: 1
                    push_layer: inception_5b/3x3
                  push_spatial: (0, 0)
                     push_unit: (334, 0, 0)
     px_abs_benefit_percentile: 0
         px_benefit_percentile: 0
                     rand_seed: 0
         small_norm_percentile: 20.0
          small_val_percentile: 0
                      start_at: mean_plus_rand


FindResults:
                       best_ii: 323
                      best_obj: 6.69132
                       best_xx: (3, 224, 224) array [0.000330510368855, -0.00878957330808, ...]
                          dist: [1.02043931465e-14, 2402.62486789, ..., 4607.08953306, 4607.10331334]
                        idxmax: [(108, 3, 3), (0, 1, 1), ..., (334, 1, 1), (334, 1, 1)]
                            ii: [0, 1, ..., 748, 749]
                         ismax: [False, False, ..., False, False]
                       last_ii: 749
                      last_obj: 5.93096
                       last_xx: (3, 224, 224) array [-0.00103885296322, -0.00806973381094, ...]
                  majority_obj: None
                   majority_xx: None
                   meta_result: Metaresult: majority failure
                          norm: [20.5668045944, 2884.53556028, ..., 47.1022385324, 46.9193118506]
                           obj: [0.60557, 0.0, ..., 5.8941, 5.93096]
                           std: [5.58935924311, 4.56637930172, ..., 0.121403973624, 0.120932481797]
                            x0: (3, 1, 1) array [17.6405234597, 4.00157208367, ...]

