FindParams:
                    blur_every: 0
                   blur_radius: 0
                         decay: 0.3
                     lr_params: {'lr': 100.0}
                     lr_policy: constant
                      max_iter: 750
                  push_channel: 363
                      push_dir: 1
                    push_layer: inception_5b/3x3
                  push_spatial: (0, 0)
                     push_unit: (363, 0, 0)
     px_abs_benefit_percentile: 0
         px_benefit_percentile: 0
                     rand_seed: 0
         small_norm_percentile: 20.0
          small_val_percentile: 0
                      start_at: mean_plus_rand


FindResults:
                       best_ii: 518
                      best_obj: 3.66178
                       best_xx: (3, 224, 224) array [0.0069902240969, -0.00346269234878, ...]
                          dist: [1.02043931465e-14, 2402.61282126, ..., 4607.02213861, 4606.99161946]
                        idxmax: [(108, 3, 3), (0, 1, 1), ..., (160, 1, 1), (160, 1, 1)]
                            ii: [0, 1, ..., 748, 749]
                         ismax: [False, False, ..., False, False]
                       last_ii: 749
                      last_obj: 3.13012
                       last_xx: (3, 224, 224) array [0.00498753762638, 0.00643333955082, ...]
                  majority_obj: None
                   majority_xx: None
                   meta_result: Metaresult: majority failure
                          norm: [20.5668045944, 2884.55915275, ..., 29.748418585, 26.1985146013]
                           obj: [0.0, 0.186084, ..., 2.92615, 3.13012]
                           std: [5.58935924311, 4.56638689262, ..., 0.0766752543184, 0.0675255331137]
                            x0: (3, 1, 1) array [17.6405234597, 4.00157208367, ...]

