FindParams:
                    blur_every: 0
                   blur_radius: 0
                         decay: 0.3
                     lr_params: {'lr': 100.0}
                     lr_policy: constant
                      max_iter: 750
                  push_channel: 372
                      push_dir: 1
                    push_layer: inception_5b/3x3
                  push_spatial: (0, 0)
                     push_unit: (372, 0, 0)
     px_abs_benefit_percentile: 0
         px_benefit_percentile: 0
                     rand_seed: 0
         small_norm_percentile: 20.0
          small_val_percentile: 0
                      start_at: mean_plus_rand


FindResults:
                       best_ii: 706
                      best_obj: 3.80619
                       best_xx: (3, 224, 224) array [-0.000161850508775, -0.000724253187329, ...]
                          dist: [1.02043931465e-14, 2402.63324962, ..., 4607.03178161, 4607.07496528]
                        idxmax: [(108, 3, 3), (365, 2, 1), ..., (49, 1, 1), (49, 1, 1)]
                            ii: [0, 1, ..., 748, 749]
                         ismax: [False, False, ..., False, False]
                       last_ii: 749
                      last_obj: 2.8955
                       last_xx: (3, 224, 224) array [-0.00632164371248, -0.0302919877556, ...]
                  majority_obj: None
                   majority_xx: None
                   meta_result: Metaresult: majority failure
                          norm: [20.5668045944, 2884.51916209, ..., 44.2634130822, 44.391993852]
                           obj: [0.0, 0.411239, ..., 2.99627, 2.8955]
                           std: [5.58935924311, 4.56636952735, ..., 0.114086998731, 0.114418347699]
                            x0: (3, 1, 1) array [17.6405234597, 4.00157208367, ...]

