FindParams:
                    blur_every: 0
                   blur_radius: 0
                         decay: 0.3
                     lr_params: {'lr': 100.0}
                     lr_policy: constant
                      max_iter: 750
                  push_channel: 354
                      push_dir: 1
                    push_layer: inception_5b/3x3
                  push_spatial: (0, 0)
                     push_unit: (354, 0, 0)
     px_abs_benefit_percentile: 0
         px_benefit_percentile: 0
                     rand_seed: 0
         small_norm_percentile: 20.0
          small_val_percentile: 0
                      start_at: mean_plus_rand


FindResults:
                       best_ii: 643
                      best_obj: 2.84888
                       best_xx: (3, 224, 224) array [0.000274326124995, 0.000750658945861, ...]
                          dist: [1.02043931465e-14, 2402.63616851, ..., 4607.02764131, 4607.01901757]
                        idxmax: [(108, 3, 3), (0, 1, 1), ..., (330, 1, 1), (330, 1, 1)]
                            ii: [0, 1, ..., 748, 749]
                         ismax: [False, False, ..., False, False]
                       last_ii: 749
                      last_obj: 2.67129
                       last_xx: (3, 224, 224) array [0.00601055513837, 0.030262365486, ...]
                  majority_obj: None
                   majority_xx: None
                   meta_result: Metaresult: majority failure
                          norm: [20.5668045944, 2884.51349761, ..., 30.6801519149, 29.6379977472]
                           obj: [0.0, 0.0, ..., 2.64355, 2.67129]
                           std: [5.58935924311, 4.56635482289, ..., 0.0790765838312, 0.0763904863424]
                            x0: (3, 1, 1) array [17.6405234597, 4.00157208367, ...]

