FindParams:
                    blur_every: 0
                   blur_radius: 0
                         decay: 0.3
                     lr_params: {'lr': 100.0}
                     lr_policy: constant
                      max_iter: 750
                  push_channel: 347
                      push_dir: 1
                    push_layer: inception_5b/3x3
                  push_spatial: (0, 0)
                     push_unit: (347, 0, 0)
     px_abs_benefit_percentile: 0
         px_benefit_percentile: 0
                     rand_seed: 0
         small_norm_percentile: 20.0
          small_val_percentile: 0
                      start_at: mean_plus_rand


FindResults:
                       best_ii: 546
                      best_obj: 3.49248
                       best_xx: (3, 224, 224) array [-0.00809918931888, 0.00791192975299, ...]
                          dist: [1.02043931465e-14, 2402.61384335, ..., 4607.00478427, 4607.00309386]
                        idxmax: [(108, 3, 3), (0, 1, 1), ..., (160, 1, 1), (347, 1, 1)]
                            ii: [0, 1, ..., 748, 749]
                         ismax: [False, False, ..., False, False]
                       last_ii: 749
                      last_obj: 3.19291
                       last_xx: (3, 224, 224) array [0.0193594142002, 0.0650495131525, ...]
                  majority_obj: None
                   majority_xx: None
                   meta_result: Metaresult: majority failure
                          norm: [20.5668045944, 2884.55712062, ..., 30.3257622798, 31.3635624273]
                           obj: [0.41744, 0.0, ..., 2.97753, 3.19291]
                           std: [5.58935924311, 4.56639234947, ..., 0.0781632979205, 0.0808381823328]
                            x0: (3, 1, 1) array [17.6405234597, 4.00157208367, ...]

