FindParams:
                    blur_every: 0
                   blur_radius: 0
                         decay: 0.3
                     lr_params: {'lr': 100.0}
                     lr_policy: constant
                      max_iter: 750
                  push_channel: 368
                      push_dir: 1
                    push_layer: inception_5b/3x3
                  push_spatial: (0, 0)
                     push_unit: (368, 0, 0)
     px_abs_benefit_percentile: 0
         px_benefit_percentile: 0
                     rand_seed: 0
         small_norm_percentile: 20.0
          small_val_percentile: 0
                      start_at: mean_plus_rand


FindResults:
                       best_ii: 585
                      best_obj: 3.38713
                       best_xx: (3, 224, 224) array [0.00287176430358, -0.0044917561728, ...]
                          dist: [1.02043931465e-14, 2402.60500901, ..., 4606.95319352, 4606.93821631]
                        idxmax: [(108, 3, 3), (186, 1, 1), ..., (15, 1, 1), (182, 1, 1)]
                            ii: [0, 1, ..., 748, 749]
                         ismax: [False, False, ..., False, False]
                       last_ii: 749
                      last_obj: 3.08863
                       last_xx: (3, 224, 224) array [0.0070504503373, 0.00627341851614, ...]
                  majority_obj: None
                   majority_xx: None
                   meta_result: Metaresult: majority failure
                          norm: [20.5668045944, 2884.57423359, ..., 31.4298464535, 30.022236782]
                           obj: [0.534759, 0.0, ..., 2.97886, 3.08863]
                           std: [5.58935924311, 4.56639841934, ..., 0.081009052748, 0.0773809957238]
                            x0: (3, 1, 1) array [17.6405234597, 4.00157208367, ...]

