FindParams:
                    blur_every: 4
                   blur_radius: 1.0
                         decay: 0.0001
                     lr_params: {'lr': 100.0}
                     lr_policy: constant
                      max_iter: 1000
                  push_channel: 19
                      push_dir: 1
                    push_layer: fc8-20
                  push_spatial: (0, 0)
                     push_unit: (19, 0, 0)
     px_abs_benefit_percentile: 0
         px_benefit_percentile: 0
                     rand_seed: 0
         small_norm_percentile: 0
          small_val_percentile: 0
                      start_at: mean_plus_rand


FindResults:
                       best_ii: 988
                      best_obj: 20.0028
                       best_xx: (3, 224, 224) array [17.2622342538, 17.2471010913, ...]
                          dist: [1.02043931465e-14, 1.45296320323, ..., 503.567732539, 504.96861928]
                        idxmax: [(12, 0, 0), (12, 0, 0), ..., (19, 0, 0), (19, 0, 0)]
                            ii: [0, 1, ..., 998, 999]
                         ismax: [False, False, ..., True, True]
                       last_ii: 999
                      last_obj: 19.7571
                       last_xx: (3, 224, 224) array [17.2558757153, 17.2420287204, ...]
                   majority_ii: 24
                  majority_obj: 7.41441
                   majority_xx: (3, 224, 224) array [17.6972395319, 17.662779665, ...]
                   meta_result: Metaresult: majority success
                          norm: [20.5668045944, 4606.48428416, ..., 4158.4864236, 4158.18796001]
                           obj: [1.53396, 1.53736, ..., 19.4875, 19.7571]
                           std: [5.58935924311, 5.58865771928, ..., 5.01256409593, 5.01270967236]
                            x0: (3, 1, 1) array [17.6405234597, 4.00157208367, ...]

