FindParams:
                    blur_every: 4
                   blur_radius: 1.0
                         decay: 0.0001
                     lr_params: {'lr': 100.0}
                     lr_policy: constant
                      max_iter: 1000
                  push_channel: 6
                      push_dir: 1
                    push_layer: fc8-20
                  push_spatial: (0, 0)
                     push_unit: (6, 0, 0)
     px_abs_benefit_percentile: 0
         px_benefit_percentile: 0
                     rand_seed: 0
         small_norm_percentile: 0
          small_val_percentile: 0
                      start_at: mean_plus_rand


FindResults:
                       best_ii: 988
                      best_obj: 19.6165
                       best_xx: (3, 224, 224) array [17.2379060255, 17.2530401916, ...]
                          dist: [1.02043931465e-14, 1.62507103689, ..., 511.053687426, 512.593037452]
                        idxmax: [(12, 0, 0), (12, 0, 0), ..., (6, 0, 0), (6, 0, 0)]
                            ii: [0, 1, ..., 998, 999]
                         ismax: [False, False, ..., True, True]
                       last_ii: 999
                      last_obj: 19.3636
                       last_xx: (3, 224, 224) array [17.2335078626, 17.2439703023, ...]
                   majority_ii: 39
                  majority_obj: 7.52454
                   majority_xx: (3, 224, 224) array [17.6430935682, 17.6687110184, ...]
                   meta_result: Metaresult: majority success
                          norm: [20.5668045944, 4606.50411615, ..., 4167.08635766, 4166.82005614]
                           obj: [0.323846, 0.328776, ..., 18.9941, 19.3636]
                           std: [5.58935924311, 5.58882576444, ..., 5.09216518596, 5.09249774826]
                            x0: (3, 1, 1) array [17.6405234597, 4.00157208367, ...]

