FindParams:
                    blur_every: 4
                   blur_radius: 1.0
                         decay: 0.0001
                     lr_params: {'lr': 100.0}
                     lr_policy: constant
                      max_iter: 1000
                  push_channel: 7
                      push_dir: 1
                    push_layer: fc8-20
                  push_spatial: (0, 0)
                     push_unit: (7, 0, 0)
     px_abs_benefit_percentile: 0
         px_benefit_percentile: 0
                     rand_seed: 0
         small_norm_percentile: 0
          small_val_percentile: 0
                      start_at: mean_plus_rand


FindResults:
                       best_ii: 900
                      best_obj: 21.0763
                       best_xx: (3, 224, 224) array [18.6654931588, 18.6824988008, ...]
                          dist: [1.02043931465e-14, 1.59040534703, ..., 507.704377669, 509.086023888]
                        idxmax: [(12, 0, 0), (12, 0, 0), ..., (7, 0, 0), (7, 0, 0)]
                            ii: [0, 1, ..., 998, 999]
                         ismax: [False, False, ..., True, True]
                       last_ii: 999
                      last_obj: 20.8798
                       last_xx: (3, 224, 224) array [18.5999222658, 18.6083069393, ...]
                   majority_ii: 44
                  majority_obj: 4.73268
                   majority_xx: (3, 224, 224) array [17.665733791, 17.7225877711, ...]
                   meta_result: Metaresult: majority success
                          norm: [20.5668045944, 4606.52202852, ..., 4168.41706727, 4168.12488739]
                           obj: [-2.15347, -2.15908, ..., 20.5189, 20.8798]
                           std: [5.58935924311, 5.58886154948, ..., 5.08698960876, 5.08716988053]
                            x0: (3, 1, 1) array [17.6405234597, 4.00157208367, ...]

