FindParams:
                    blur_every: 0
                   blur_radius: 0
                         decay: 0.3
                     lr_params: {'lr': 100.0}
                     lr_policy: constant
                      max_iter: 750
                  push_channel: 141
                      push_dir: 1
                    push_layer: pool2/3x3_s2
                  push_spatial: (14, 14)
                     push_unit: (141, 14, 14)
     px_abs_benefit_percentile: 0
         px_benefit_percentile: 0
                     rand_seed: 0
         small_norm_percentile: 20.0
          small_val_percentile: 0
                      start_at: mean_plus_rand


FindResults:
                       best_ii: 201
                      best_obj: 133.041
                       best_xx: (3, 224, 224) array [1.42108547152e-14, 1.42108547152e-14, ...]
                          dist: [1.02043931465e-14, 1423.1466593, ..., 4608.61433252, 4608.96910174]
                        idxmax: [(24, 0, 0), (50, 12, 13), ..., (141, 14, 13), (100, 14, 13)]
                            ii: [0, 1, ..., 748, 749]
                         ismax: [False, False, ..., False, False]
                       last_ii: 749
                      last_obj: 116.72
                       last_xx: (3, 224, 224) array [1.42108547152e-14, 1.42108547152e-14, ...]
                  majority_obj: None
                   majority_xx: None
                   meta_result: Metaresult: majority failure
                          norm: [20.5668045944, 3239.35093057, ..., 121.462584762, 134.376437845]
                           obj: [1.37486, 33.4435, ..., 117.864, 116.72]
                           std: [5.58935924311, 3.99498531094, ..., 0.313064500788, 0.346349379009]
                            x0: (3, 1, 1) array [17.6405234597, 4.00157208367, ...]

