FindParams:
                    blur_every: 0
                   blur_radius: 0
                         decay: 0.3
                     lr_params: {'lr': 100.0}
                     lr_policy: constant
                      max_iter: 750
                  push_channel: 100
                      push_dir: 1
                    push_layer: pool2/3x3_s2
                  push_spatial: (14, 14)
                     push_unit: (100, 14, 14)
     px_abs_benefit_percentile: 0
         px_benefit_percentile: 0
                     rand_seed: 0
         small_norm_percentile: 20.0
          small_val_percentile: 0
                      start_at: mean_plus_rand


FindResults:
                       best_ii: 450
                      best_obj: 137.371
                       best_xx: (3, 224, 224) array [1.42108547152e-14, 1.42108547152e-14, ...]
                          dist: [1.02043931465e-14, 1410.74608411, ..., 4607.40640056, 4607.41349032]
                        idxmax: [(24, 0, 0), (178, 13, 13), ..., (100, 13, 13), (100, 13, 13)]
                            ii: [0, 1, ..., 748, 749]
                         ismax: [False, False, ..., False, False]
                       last_ii: 749
                      last_obj: 136.54
                       last_xx: (3, 224, 224) array [1.42108547152e-14, 1.42108547152e-14, ...]
                  majority_obj: None
                   majority_xx: None
                   meta_result: Metaresult: majority failure
                          norm: [20.5668045944, 3234.28991452, ..., 62.6594875469, 63.2084451509]
                           obj: [10.6358, 118.064, ..., 136.749, 136.54]
                           std: [5.58935924311, 3.97095463663, ..., 0.161502089139, 0.162917004123]
                            x0: (3, 1, 1) array [17.6405234597, 4.00157208367, ...]

