FindParams:
                    blur_every: 0
                   blur_radius: 0
                         decay: 0.3
                     lr_params: {'lr': 100.0}
                     lr_policy: constant
                      max_iter: 750
                  push_channel: 160
                      push_dir: 1
                    push_layer: pool2/3x3_s2
                  push_spatial: (14, 14)
                     push_unit: (160, 14, 14)
     px_abs_benefit_percentile: 0
         px_benefit_percentile: 0
                     rand_seed: 0
         small_norm_percentile: 20.0
          small_val_percentile: 0
                      start_at: mean_plus_rand


FindResults:
                       best_ii: 266
                      best_obj: 138.668
                       best_xx: (3, 224, 224) array [1.42108547152e-14, 1.42108547152e-14, ...]
                          dist: [1.02043931465e-14, 1401.67982076, ..., 4607.61133513, 4607.13148226]
                        idxmax: [(24, 0, 0), (33, 13, 13), ..., (26, 14, 13), (160, 13, 13)]
                            ii: [0, 1, ..., 748, 749]
                         ismax: [False, False, ..., False, False]
                       last_ii: 749
                      last_obj: 136.04
                       last_xx: (3, 224, 224) array [1.42108547152e-14, 1.42108547152e-14, ...]
                  majority_obj: None
                   majority_xx: None
                   meta_result: Metaresult: majority failure
                          norm: [20.5668045944, 3232.16294837, ..., 94.264223372, 54.3798304649]
                           obj: [29.0019, 131.939, ..., 134.588, 136.04]
                           std: [5.58935924311, 3.95709028663, ..., 0.242961931516, 0.140161650602]
                            x0: (3, 1, 1) array [17.6405234597, 4.00157208367, ...]

