FindParams:
                    blur_every: 0
                   blur_radius: 0
                         decay: 0.3
                     lr_params: {'lr': 100.0}
                     lr_policy: constant
                      max_iter: 750
                  push_channel: 4
                      push_dir: 1
                    push_layer: pool2/3x3_s2
                  push_spatial: (14, 14)
                     push_unit: (4, 14, 14)
     px_abs_benefit_percentile: 0
         px_benefit_percentile: 0
                     rand_seed: 0
         small_norm_percentile: 20.0
          small_val_percentile: 0
                      start_at: mean_plus_rand


FindResults:
                       best_ii: 667
                      best_obj: 134.239
                       best_xx: (3, 224, 224) array [1.42108547152e-14, 1.42108547152e-14, ...]
                          dist: [1.02043931465e-14, 1397.31636585, ..., 4607.05515936, 4607.04570248]
                        idxmax: [(24, 0, 0), (160, 13, 13), ..., (160, 13, 13), (160, 13, 13)]
                            ii: [0, 1, ..., 748, 749]
                         ismax: [False, False, ..., False, False]
                       last_ii: 749
                      last_obj: 133.173
                       last_xx: (3, 224, 224) array [1.42108547152e-14, 1.42108547152e-14, ...]
                  majority_obj: None
                   majority_xx: None
                   meta_result: Metaresult: majority failure
                          norm: [20.5668045944, 3224.17088974, ..., 85.6480308516, 84.7569462269]
                           obj: [20.0989, 57.3666, ..., 132.429, 133.173]
                           std: [5.58935924311, 3.93155768144, ..., 0.220754075607, 0.21845734307]
                            x0: (3, 1, 1) array [17.6405234597, 4.00157208367, ...]

