FindParams:
                    blur_every: 0
                   blur_radius: 0
                         decay: 0.3
                     lr_params: {'lr': 100.0}
                     lr_policy: constant
                      max_iter: 750
                  push_channel: 191
                      push_dir: 1
                    push_layer: pool2/3x3_s2
                  push_spatial: (14, 14)
                     push_unit: (191, 14, 14)
     px_abs_benefit_percentile: 0
         px_benefit_percentile: 0
                     rand_seed: 0
         small_norm_percentile: 20.0
          small_val_percentile: 0
                      start_at: mean_plus_rand


FindResults:
                       best_ii: 246
                      best_obj: 137.605
                       best_xx: (3, 224, 224) array [1.42108547152e-14, 1.42108547152e-14, ...]
                          dist: [1.02043931465e-14, 1600.00394937, ..., 4607.64273539, 4607.582676]
                        idxmax: [(24, 0, 0), (47, 13, 12), ..., (191, 13, 13), (191, 13, 13)]
                            ii: [0, 1, ..., 748, 749]
                         ismax: [False, False, ..., False, False]
                       last_ii: 749
                      last_obj: 133.105
                       last_xx: (3, 224, 224) array [1.42108547152e-14, 1.42108547152e-14, ...]
                  majority_obj: None
                   majority_xx: None
                   meta_result: Metaresult: majority failure
                          norm: [20.5668045944, 3322.86583582, ..., 80.3965028558, 76.9510179534]
                           obj: [5.84457, 85.4241, ..., 135.497, 133.105]
                           std: [5.58935924311, 4.42566555743, ..., 0.207218488306, 0.198337901982]
                            x0: (3, 1, 1) array [17.6405234597, 4.00157208367, ...]

