FindParams:
                    blur_every: 0
                   blur_radius: 0
                         decay: 0.3
                     lr_params: {'lr': 100.0}
                     lr_policy: constant
                      max_iter: 750
                  push_channel: 126
                      push_dir: 1
                    push_layer: pool2/3x3_s2
                  push_spatial: (14, 14)
                     push_unit: (126, 14, 14)
     px_abs_benefit_percentile: 0
         px_benefit_percentile: 0
                     rand_seed: 0
         small_norm_percentile: 20.0
          small_val_percentile: 0
                      start_at: mean_plus_rand


FindResults:
                       best_ii: 744
                      best_obj: 131.685
                       best_xx: (3, 224, 224) array [1.42108547152e-14, 1.42108547152e-14, ...]
                          dist: [1.02043931465e-14, 1396.82777069, ..., 4608.18797799, 4608.32777809]
                        idxmax: [(24, 0, 0), (24, 13, 15), ..., (126, 13, 13), (126, 13, 13)]
                            ii: [0, 1, ..., 748, 749]
                         ismax: [False, False, ..., False, False]
                       last_ii: 749
                      last_obj: 121.275
                       last_xx: (3, 224, 224) array [1.42108547152e-14, 1.42108547152e-14, ...]
                  majority_obj: None
                   majority_xx: None
                   meta_result: Metaresult: majority failure
                          norm: [20.5668045944, 3227.41350391, ..., 109.601246321, 115.961307745]
                           obj: [2.44617, 69.5381, ..., 122.904, 121.275]
                           std: [5.58935924311, 3.93710060312, ..., 0.282492420415, 0.298885217125]
                            x0: (3, 1, 1) array [17.6405234597, 4.00157208367, ...]

