FindParams:
                    blur_every: 0
                   blur_radius: 0
                         decay: 0.3
                     lr_params: {'lr': 100.0}
                     lr_policy: constant
                      max_iter: 750
                  push_channel: 55
                      push_dir: 1
                    push_layer: pool2/3x3_s2
                  push_spatial: (14, 14)
                     push_unit: (55, 14, 14)
     px_abs_benefit_percentile: 0
         px_benefit_percentile: 0
                     rand_seed: 0
         small_norm_percentile: 20.0
          small_val_percentile: 0
                      start_at: mean_plus_rand


FindResults:
                       best_ii: 664
                      best_obj: 137.132
                       best_xx: (3, 224, 224) array [1.42108547152e-14, 1.42108547152e-14, ...]
                          dist: [1.02043931465e-14, 1399.8179426, ..., 4608.08889308, 4608.22810919]
                        idxmax: [(24, 0, 0), (100, 13, 13), ..., (55, 13, 14), (100, 13, 14)]
                            ii: [0, 1, ..., 748, 749]
                         ismax: [False, False, ..., False, False]
                       last_ii: 749
                      last_obj: 114.591
                       last_xx: (3, 224, 224) array [1.42108547152e-14, 1.42108547152e-14, ...]
                  majority_obj: None
                   majority_xx: None
                   meta_result: Metaresult: majority failure
                          norm: [20.5668045944, 3226.17530432, ..., 98.8269177628, 105.537831914]
                           obj: [1.4593, 31.7555, ..., 130.051, 114.591]
                           std: [5.58935924311, 3.93578130167, ..., 0.254722057706, 0.2720191439]
                            x0: (3, 1, 1) array [17.6405234597, 4.00157208367, ...]

