FindParams:
                    blur_every: 0
                   blur_radius: 0
                         decay: 0.3
                     lr_params: {'lr': 100.0}
                     lr_policy: constant
                      max_iter: 750
                  push_channel: 232
                      push_dir: 1
                    push_layer: inception_4e/3x3
                  push_spatial: (0, 0)
                     push_unit: (232, 0, 0)
     px_abs_benefit_percentile: 0
         px_benefit_percentile: 0
                     rand_seed: 0
         small_norm_percentile: 20.0
          small_val_percentile: 0
                      start_at: mean_plus_rand


FindResults:
                       best_ii: 427
                      best_obj: 11.1228
                       best_xx: (3, 224, 224) array [-0.0896400963269, -0.0420843863679, ...]
                          dist: [1.02043931465e-14, 2402.61315276, ..., 4607.30953532, 4607.17224852]
                        idxmax: [(157, 12, 1), (157, 12, 1), ..., (232, 1, 1), (160, 1, 1)]
                            ii: [0, 1, ..., 748, 749]
                         ismax: [False, False, ..., False, False]
                       last_ii: 749
                      last_obj: 9.87891
                       last_xx: (3, 224, 224) array [0.0622976677902, 0.0121070474741, ...]
                  majority_obj: None
                   majority_xx: None
                   meta_result: Metaresult: majority failure
                          norm: [20.5668045944, 2884.55915294, ..., 63.0711061522, 55.3776836884]
                           obj: [1.09837, 4.86225, ..., 10.2482, 9.87891]
                           std: [5.58935924311, 4.56639212363, ..., 0.162562745633, 0.142733364786]
                            x0: (3, 1, 1) array [17.6405234597, 4.00157208367, ...]

