FindParams:
                    blur_every: 0
                   blur_radius: 0
                         decay: 0.3
                     lr_params: {'lr': 100.0}
                     lr_policy: constant
                      max_iter: 750
                  push_channel: 273
                      push_dir: 1
                    push_layer: inception_4e/3x3
                  push_spatial: (0, 0)
                     push_unit: (273, 0, 0)
     px_abs_benefit_percentile: 0
         px_benefit_percentile: 0
                     rand_seed: 0
         small_norm_percentile: 20.0
          small_val_percentile: 0
                      start_at: mean_plus_rand


FindResults:
                       best_ii: 564
                      best_obj: 8.6968
                       best_xx: (3, 224, 224) array [-0.0139171128109, -0.0576240860939, ...]
                          dist: [1.02043931465e-14, 2402.59123903, ..., 4606.96166504, 4606.91147674]
                        idxmax: [(157, 12, 1), (157, 12, 1), ..., (273, 1, 1), (273, 1, 1)]
                            ii: [0, 1, ..., 748, 749]
                         ismax: [False, False, ..., False, False]
                       last_ii: 749
                      last_obj: 8.15645
                       last_xx: (3, 224, 224) array [0.00620863674415, 0.0135971897398, ...]
                  majority_obj: None
                   majority_xx: None
                   meta_result: Metaresult: majority failure
                          norm: [20.5668045944, 2884.60505767, ..., 43.0991436443, 39.9860750374]
                           obj: [0.957504, 0.0, ..., 8.47215, 8.15645]
                           std: [5.58935924311, 4.5664031101, ..., 0.111086166608, 0.103062359757]
                            x0: (3, 1, 1) array [17.6405234597, 4.00157208367, ...]

