FindParams:
                    blur_every: 0
                   blur_radius: 0
                         decay: 0.3
                     lr_params: {'lr': 100.0}
                     lr_policy: constant
                      max_iter: 750
                  push_channel: 225
                      push_dir: 1
                    push_layer: inception_4e/3x3
                  push_spatial: (0, 0)
                     push_unit: (225, 0, 0)
     px_abs_benefit_percentile: 0
         px_benefit_percentile: 0
                     rand_seed: 0
         small_norm_percentile: 20.0
          small_val_percentile: 0
                      start_at: mean_plus_rand


FindResults:
                       best_ii: 716
                      best_obj: 10.0616
                       best_xx: (3, 224, 224) array [-0.0339505491664, 0.0355151981139, ...]
                          dist: [1.02043931465e-14, 2402.62938153, ..., 4607.41258418, 4607.35336471]
                        idxmax: [(157, 12, 1), (157, 12, 1), ..., (264, 1, 1), (112, 1, 1)]
                            ii: [0, 1, ..., 748, 749]
                         ismax: [False, False, ..., False, False]
                       last_ii: 749
                      last_obj: 7.30939
                       last_xx: (3, 224, 224) array [0.0364971556775, -0.0449914252541, ...]
                  majority_obj: None
                   majority_xx: None
                   meta_result: Metaresult: majority failure
                          norm: [20.5668045944, 2884.52726543, ..., 68.3275073636, 67.8653692202]
                           obj: [0.0, 0.229002, ..., 9.25008, 7.30939]
                           std: [5.58935924311, 4.56638110457, ..., 0.176111180181, 0.174920023201]
                            x0: (3, 1, 1) array [17.6405234597, 4.00157208367, ...]

