FindParams:
                    blur_every: 0
                   blur_radius: 0
                         decay: 0.3
                     lr_params: {'lr': 100.0}
                     lr_policy: constant
                      max_iter: 750
                  push_channel: 275
                      push_dir: 1
                    push_layer: inception_4e/3x3
                  push_spatial: (0, 0)
                     push_unit: (275, 0, 0)
     px_abs_benefit_percentile: 0
         px_benefit_percentile: 0
                     rand_seed: 0
         small_norm_percentile: 20.0
          small_val_percentile: 0
                      start_at: mean_plus_rand


FindResults:
                       best_ii: 708
                      best_obj: 6.06606
                       best_xx: (3, 224, 224) array [-0.0108363603552, 0.0265528790212, ...]
                          dist: [1.02043931465e-14, 2402.60195366, ..., 4607.27066019, 4607.21850373]
                        idxmax: [(157, 12, 1), (157, 12, 1), ..., (268, 1, 1), (268, 1, 1)]
                            ii: [0, 1, ..., 748, 749]
                         ismax: [False, False, ..., False, False]
                       last_ii: 749
                      last_obj: 5.09293
                       last_xx: (3, 224, 224) array [-0.0581719064005, 0.00721299488747, ...]
                  majority_obj: None
                   majority_xx: None
                   meta_result: Metaresult: majority failure
                          norm: [20.5668045944, 2884.58175361, ..., 56.3574613732, 51.8163631784]
                           obj: [0.0, 0.0, ..., 4.24702, 5.09293]
                           std: [5.58935924311, 4.56639915235, ..., 0.145258851739, 0.133554392361]
                            x0: (3, 1, 1) array [17.6405234597, 4.00157208367, ...]

