FindParams:
                    blur_every: 0
                   blur_radius: 0
                         decay: 0.3
                     lr_params: {'lr': 100.0}
                     lr_policy: constant
                      max_iter: 750
                  push_channel: 238
                      push_dir: 1
                    push_layer: inception_4e/3x3
                  push_spatial: (0, 0)
                     push_unit: (238, 0, 0)
     px_abs_benefit_percentile: 0
         px_benefit_percentile: 0
                     rand_seed: 0
         small_norm_percentile: 20.0
          small_val_percentile: 0
                      start_at: mean_plus_rand


FindResults:
                       best_ii: 345
                      best_obj: 8.20278
                       best_xx: (3, 224, 224) array [0.0204864972539, 0.16557604785, ...]
                          dist: [1.02043931465e-14, 2402.61220556, ..., 4607.8348938, 4607.48868139]
                        idxmax: [(157, 12, 1), (157, 12, 1), ..., (309, 1, 0), (80, 1, 1)]
                            ii: [0, 1, ..., 748, 749]
                         ismax: [False, False, ..., False, False]
                       last_ii: 749
                      last_obj: 5.70837
                       last_xx: (3, 224, 224) array [0.0112758099018, -0.0426466289597, ...]
                  majority_obj: None
                   majority_xx: None
                   meta_result: Metaresult: majority failure
                          norm: [20.5668045944, 2884.56143962, ..., 74.7279927612, 57.8455441986]
                           obj: [0.0, 0.0, ..., 2.50146, 5.70837]
                           std: [5.58935924311, 4.56638833893, ..., 0.192607803706, 0.149093924911]
                            x0: (3, 1, 1) array [17.6405234597, 4.00157208367, ...]

