FindParams:
                    blur_every: 0
                   blur_radius: 0
                         decay: 0.3
                     lr_params: {'lr': 100.0}
                     lr_policy: constant
                      max_iter: 750
                  push_channel: 194
                      push_dir: 1
                    push_layer: inception_4e/3x3
                  push_spatial: (0, 0)
                     push_unit: (194, 0, 0)
     px_abs_benefit_percentile: 0
         px_benefit_percentile: 0
                     rand_seed: 0
         small_norm_percentile: 20.0
          small_val_percentile: 0
                      start_at: mean_plus_rand


FindResults:
                       best_ii: 350
                      best_obj: 4.38429
                       best_xx: (3, 224, 224) array [0.00275263215727, 0.0113280059062, ...]
                          dist: [1.02043931465e-14, 2402.5994238, ..., 4607.02509308, 4607.01110657]
                        idxmax: [(157, 12, 1), (157, 12, 1), ..., (268, 1, 1), (268, 1, 1)]
                            ii: [0, 1, ..., 748, 749]
                         ismax: [False, False, ..., False, False]
                       last_ii: 749
                      last_obj: 3.86977
                       last_xx: (3, 224, 224) array [0.0277181127955, 0.0237219958744, ...]
                  majority_obj: None
                   majority_xx: None
                   meta_result: Metaresult: majority failure
                          norm: [20.5668045944, 2884.58835576, ..., 37.3187232359, 36.1540822966]
                           obj: [0.0, 0.0, ..., 3.36316, 3.86977]
                           std: [5.58935924311, 4.56638139811, ..., 0.0961873706918, 0.0931855426165]
                            x0: (3, 1, 1) array [17.6405234597, 4.00157208367, ...]

