FindParams:
                    blur_every: 0
                   blur_radius: 0
                         decay: 0.3
                     lr_params: {'lr': 100.0}
                     lr_policy: constant
                      max_iter: 750
                  push_channel: 219
                      push_dir: 1
                    push_layer: inception_4e/3x3
                  push_spatial: (0, 0)
                     push_unit: (219, 0, 0)
     px_abs_benefit_percentile: 0
         px_benefit_percentile: 0
                     rand_seed: 0
         small_norm_percentile: 20.0
          small_val_percentile: 0
                      start_at: mean_plus_rand


FindResults:
                       best_ii: 462
                      best_obj: 1.90755
                       best_xx: (3, 224, 224) array [0.01607442382, -0.0175875294101, ...]
                          dist: [1.02043931465e-14, 2402.5633057, ..., 4606.98850092, 4606.97793056]
                        idxmax: [(157, 12, 1), (157, 12, 1), ..., (37, 1, 2), (287, 1, 1)]
                            ii: [0, 1, ..., 748, 749]
                         ismax: [False, False, ..., False, False]
                       last_ii: 749
                      last_obj: 0.0
                       last_xx: (3, 224, 224) array [0.00231711500219, 0.00916687844074, ...]
                  majority_obj: None
                   majority_xx: None
                   meta_result: Metaresult: majority failure
                          norm: [20.5668045944, 2884.66262623, ..., 37.5774937889, 36.5810107753]
                           obj: [0.0, 0.0, ..., 0.0, 0.0]
                           std: [5.58935924311, 4.5664384115, ..., 0.0968543576737, 0.0942859611577]
                            x0: (3, 1, 1) array [17.6405234597, 4.00157208367, ...]

