FindParams:
                    blur_every: 0
                   blur_radius: 0
                         decay: 0.3
                     lr_params: {'lr': 100.0}
                     lr_policy: constant
                      max_iter: 750
                  push_channel: 267
                      push_dir: 1
                    push_layer: inception_4e/3x3
                  push_spatial: (0, 0)
                     push_unit: (267, 0, 0)
     px_abs_benefit_percentile: 0
         px_benefit_percentile: 0
                     rand_seed: 0
         small_norm_percentile: 20.0
          small_val_percentile: 0
                      start_at: mean_plus_rand


FindResults:
                       best_ii: 408
                      best_obj: 9.33402
                       best_xx: (3, 224, 224) array [-0.0384832877718, -0.020197816803, ...]
                          dist: [1.02043931465e-14, 2402.60767179, ..., 4607.2662858, 4607.23049671]
                        idxmax: [(157, 12, 1), (157, 12, 1), ..., (267, 1, 1), (287, 2, 4)]
                            ii: [0, 1, ..., 748, 749]
                         ismax: [False, False, ..., False, False]
                       last_ii: 749
                      last_obj: 6.85923
                       last_xx: (3, 224, 224) array [-0.0122481920008, -0.0388827685652, ...]
                  majority_obj: None
                   majority_xx: None
                   meta_result: Metaresult: majority failure
                          norm: [20.5668045944, 2884.57088011, ..., 54.586471384, 57.1326519285]
                           obj: [0.0, 0.600018, ..., 8.62129, 6.85923]
                           std: [5.58935924311, 4.56638574383, ..., 0.140693998952, 0.147256869186]
                            x0: (3, 1, 1) array [17.6405234597, 4.00157208367, ...]

