FindParams:
                    blur_every: 0
                   blur_radius: 0
                         decay: 0.3
                     lr_params: {'lr': 100.0}
                     lr_policy: constant
                      max_iter: 750
                  push_channel: 292
                      push_dir: 1
                    push_layer: inception_4e/3x3
                  push_spatial: (0, 0)
                     push_unit: (292, 0, 0)
     px_abs_benefit_percentile: 0
         px_benefit_percentile: 0
                     rand_seed: 0
         small_norm_percentile: 20.0
          small_val_percentile: 0
                      start_at: mean_plus_rand


FindResults:
                       best_ii: 429
                      best_obj: 8.8618
                       best_xx: (3, 224, 224) array [-0.00784946270231, 0.0586430792594, ...]
                          dist: [1.02043931465e-14, 2402.59655794, ..., 4607.04588173, 4607.20931243]
                        idxmax: [(157, 12, 1), (157, 12, 1), ..., (19, 1, 2), (19, 1, 2)]
                            ii: [0, 1, ..., 748, 749]
                         ismax: [False, False, ..., False, False]
                       last_ii: 749
                      last_obj: 7.48834
                       last_xx: (3, 224, 224) array [0.057063036448, -0.0388103542916, ...]
                  majority_obj: None
                   majority_xx: None
                   meta_result: Metaresult: majority failure
                          norm: [20.5668045944, 2884.59258529, ..., 63.3212929442, 73.9135992027]
                           obj: [0.0, 1.07887, ..., 7.09275, 7.48834]
                           std: [5.58935924311, 4.5664025295, ..., 0.163207859944, 0.190509065287]
                            x0: (3, 1, 1) array [17.6405234597, 4.00157208367, ...]

