FindParams:
                    blur_every: 0
                   blur_radius: 0
                         decay: 0.3
                     lr_params: {'lr': 100.0}
                     lr_policy: constant
                      max_iter: 750
                  push_channel: 211
                      push_dir: 1
                    push_layer: inception_4e/3x3
                  push_spatial: (0, 0)
                     push_unit: (211, 0, 0)
     px_abs_benefit_percentile: 0
         px_benefit_percentile: 0
                     rand_seed: 0
         small_norm_percentile: 20.0
          small_val_percentile: 0
                      start_at: mean_plus_rand


FindResults:
                       best_ii: 425
                      best_obj: 6.22913
                       best_xx: (3, 224, 224) array [0.00944295253899, 0.0162329794743, ...]
                          dist: [1.02043931465e-14, 2402.59710221, ..., 4607.07577939, 4607.0284861]
                        idxmax: [(157, 12, 1), (268, 9, 1), ..., (268, 1, 2), (80, 1, 1)]
                            ii: [0, 1, ..., 748, 749]
                         ismax: [False, False, ..., False, False]
                       last_ii: 749
                      last_obj: 5.54721
                       last_xx: (3, 224, 224) array [-0.00409301199515, 0.0058381961113, ...]
                  majority_obj: None
                   majority_xx: None
                   meta_result: Metaresult: majority failure
                          norm: [20.5668045944, 2884.59162397, ..., 45.7398326919, 41.6479013713]
                           obj: [0.635625, 0.545704, ..., 4.9118, 5.54721]
                           std: [5.58935924311, 4.56641612768, ..., 0.117892428373, 0.107345629486]
                            x0: (3, 1, 1) array [17.6405234597, 4.00157208367, ...]

