FindParams:
                    blur_every: 0
                   blur_radius: 0
                         decay: 0.3
                     lr_params: {'lr': 100.0}
                     lr_policy: constant
                      max_iter: 750
                  push_channel: 269
                      push_dir: 1
                    push_layer: inception_4e/3x3
                  push_spatial: (0, 0)
                     push_unit: (269, 0, 0)
     px_abs_benefit_percentile: 0
         px_benefit_percentile: 0
                     rand_seed: 0
         small_norm_percentile: 20.0
          small_val_percentile: 0
                      start_at: mean_plus_rand


FindResults:
                       best_ii: 556
                      best_obj: 4.73566
                       best_xx: (3, 224, 224) array [0.0140535794466, 0.013568871972, ...]
                          dist: [1.02043931465e-14, 2402.62791636, ..., 4607.05377229, 4607.07360097]
                        idxmax: [(157, 12, 1), (157, 12, 1), ..., (183, 1, 1), (130, 1, 1)]
                            ii: [0, 1, ..., 748, 749]
                         ismax: [False, False, ..., False, False]
                       last_ii: 749
                      last_obj: 3.98946
                       last_xx: (3, 224, 224) array [0.00117789233255, 0.0299276697399, ...]
                  majority_obj: None
                   majority_xx: None
                   meta_result: Metaresult: majority failure
                          norm: [20.5668045944, 2884.53044517, ..., 30.208129262, 34.4737668668]
                           obj: [1.05686, 0.0, ..., 4.1397, 3.98946]
                           std: [5.58935924311, 4.56638404072, ..., 0.0778600745304, 0.0888545771638]
                            x0: (3, 1, 1) array [17.6405234597, 4.00157208367, ...]

