FindParams:
                    blur_every: 0
                   blur_radius: 0
                         decay: 0.3
                     lr_params: {'lr': 100.0}
                     lr_policy: constant
                      max_iter: 750
                  push_channel: 297
                      push_dir: 1
                    push_layer: inception_4e/3x3
                  push_spatial: (0, 0)
                     push_unit: (297, 0, 0)
     px_abs_benefit_percentile: 0
         px_benefit_percentile: 0
                     rand_seed: 0
         small_norm_percentile: 20.0
          small_val_percentile: 0
                      start_at: mean_plus_rand


FindResults:
                       best_ii: 749
                      best_obj: 7.99457
                       best_xx: (3, 224, 224) array [-0.0306330718172, -0.041417453679, ...]
                          dist: [1.02043931465e-14, 2402.59355341, ..., 4607.05970083, 4607.02863768]
                        idxmax: [(157, 12, 1), (157, 12, 1), ..., (268, 1, 2), (167, 1, 1)]
                            ii: [0, 1, ..., 748, 749]
                         ismax: [False, False, ..., False, False]
                       last_ii: 749
                      last_obj: 7.99457
                       last_xx: (3, 224, 224) array [-0.0306330718172, -0.041417453679, ...]
                  majority_obj: None
                   majority_xx: None
                   meta_result: Metaresult: majority failure
                          norm: [20.5668045944, 2884.59808368, ..., 53.3937985278, 49.8214703361]
                           obj: [0.0, 0.0, ..., 7.05227, 7.99457]
                           std: [5.58935924311, 4.56641193562, ..., 0.137619980419, 0.128412583085]
                            x0: (3, 1, 1) array [17.6405234597, 4.00157208367, ...]

