FindParams:
                    blur_every: 0
                   blur_radius: 0
                         decay: 0.3
                     lr_params: {'lr': 100.0}
                     lr_policy: constant
                      max_iter: 750
                  push_channel: 220
                      push_dir: 1
                    push_layer: inception_4e/3x3
                  push_spatial: (0, 0)
                     push_unit: (220, 0, 0)
     px_abs_benefit_percentile: 0
         px_benefit_percentile: 0
                     rand_seed: 0
         small_norm_percentile: 20.0
          small_val_percentile: 0
                      start_at: mean_plus_rand


FindResults:
                       best_ii: 696
                      best_obj: 14.8907
                       best_xx: (3, 224, 224) array [0.00507091424547, 0.00435986219378, ...]
                          dist: [1.02043931465e-14, 2402.61267663, ..., 4607.90406642, 4607.97142862]
                        idxmax: [(157, 12, 1), (157, 12, 1), ..., (176, 0, 1), (176, 0, 1)]
                            ii: [0, 1, ..., 748, 749]
                         ismax: [False, False, ..., False, False]
                       last_ii: 749
                      last_obj: 12.226
                       last_xx: (3, 224, 224) array [0.00116455303777, 0.0370045403458, ...]
                  majority_obj: None
                   majority_xx: None
                   meta_result: Metaresult: majority failure
                          norm: [20.5668045944, 2884.56148792, ..., 88.0219205716, 88.9258498977]
                           obj: [0.0, 0.0, ..., 11.1036, 12.226]
                           std: [5.58935924311, 4.56638510579, ..., 0.226872643602, 0.22920247824]
                            x0: (3, 1, 1) array [17.6405234597, 4.00157208367, ...]

