FindParams:
                    blur_every: 0
                   blur_radius: 0
                         decay: 0.3
                     lr_params: {'lr': 100.0}
                     lr_policy: constant
                      max_iter: 750
                  push_channel: 251
                      push_dir: 1
                    push_layer: inception_4e/3x3
                  push_spatial: (0, 0)
                     push_unit: (251, 0, 0)
     px_abs_benefit_percentile: 0
         px_benefit_percentile: 0
                     rand_seed: 0
         small_norm_percentile: 20.0
          small_val_percentile: 0
                      start_at: mean_plus_rand


FindResults:
                       best_ii: 312
                      best_obj: 11.176
                       best_xx: (3, 224, 224) array [-0.00907703361986, 0.0479313296623, ...]
                          dist: [1.02043931465e-14, 2402.6241821, ..., 4607.34273598, 4607.36954605]
                        idxmax: [(157, 12, 1), (157, 12, 1), ..., (206, 1, 1), (206, 1, 1)]
                            ii: [0, 1, ..., 748, 749]
                         ismax: [False, False, ..., False, False]
                       last_ii: 749
                      last_obj: 5.1331
                       last_xx: (3, 224, 224) array [-3.6041807121e-05, -0.011803624168, ...]
                  majority_obj: None
                   majority_xx: None
                   meta_result: Metaresult: majority failure
                          norm: [20.5668045944, 2884.53847519, ..., 79.8326204267, 79.0950873431]
                           obj: [0.0, 4.0651, ..., 6.79077, 5.1331]
                           std: [5.58935924311, 4.56636135564, ..., 0.205765107651, 0.203864122856]
                            x0: (3, 1, 1) array [17.6405234597, 4.00157208367, ...]

