FindParams:
                    blur_every: 0
                   blur_radius: 0
                         decay: 0.3
                     lr_params: {'lr': 100.0}
                     lr_policy: constant
                      max_iter: 750
                  push_channel: 258
                      push_dir: 1
                    push_layer: inception_4e/3x3
                  push_spatial: (0, 0)
                     push_unit: (258, 0, 0)
     px_abs_benefit_percentile: 0
         px_benefit_percentile: 0
                     rand_seed: 0
         small_norm_percentile: 20.0
          small_val_percentile: 0
                      start_at: mean_plus_rand


FindResults:
                       best_ii: 351
                      best_obj: 9.73677
                       best_xx: (3, 224, 224) array [0.0189335775766, 0.00609284519916, ...]
                          dist: [1.02043931465e-14, 2402.58500602, ..., 4607.27718089, 4607.26351223]
                        idxmax: [(157, 12, 1), (157, 12, 1), ..., (258, 1, 1), (68, 1, 1)]
                            ii: [0, 1, ..., 748, 749]
                         ismax: [False, False, ..., False, False]
                       last_ii: 749
                      last_obj: 8.52665
                       last_xx: (3, 224, 224) array [-0.000702718587206, -0.0477362876071, ...]
                  majority_obj: None
                   majority_xx: None
                   meta_result: Metaresult: majority failure
                          norm: [20.5668045944, 2884.61529274, ..., 63.9938797589, 65.4255944127]
                           obj: [0.0, 0.0, ..., 7.37065, 8.52665]
                           std: [5.58935924311, 4.56643312188, ..., 0.164941437723, 0.16863162358]
                            x0: (3, 1, 1) array [17.6405234597, 4.00157208367, ...]

