FindParams:
                    blur_every: 0
                   blur_radius: 0
                         decay: 0.3
                     lr_params: {'lr': 100.0}
                     lr_policy: constant
                      max_iter: 750
                  push_channel: 268
                      push_dir: 1
                    push_layer: inception_4e/3x3
                  push_spatial: (0, 0)
                     push_unit: (268, 0, 0)
     px_abs_benefit_percentile: 0
         px_benefit_percentile: 0
                     rand_seed: 0
         small_norm_percentile: 20.0
          small_val_percentile: 0
                      start_at: mean_plus_rand


FindResults:
                       best_ii: 720
                      best_obj: 16.0021
                       best_xx: (3, 224, 224) array [-0.0177314031049, -0.0250024741026, ...]
                          dist: [1.02043931465e-14, 2402.5155252, ..., 4607.07146437, 4607.10527462]
                        idxmax: [(157, 12, 1), (157, 12, 1), ..., (268, 1, 1), (268, 1, 1)]
                            ii: [0, 1, ..., 748, 749]
                         ismax: [False, False, ..., False, False]
                       last_ii: 749
                      last_obj: 14.2644
                       last_xx: (3, 224, 224) array [-0.0106802518481, 0.0510391351532, ...]
                  majority_obj: None
                   majority_xx: None
                   meta_result: Metaresult: majority failure
                          norm: [20.5668045944, 2884.75965131, ..., 48.4227666533, 54.3360082939]
                           obj: [3.09653, 6.86454, ..., 14.8943, 14.2644]
                           std: [5.58935924311, 4.56649205825, ..., 0.124807474992, 0.140048499056]
                            x0: (3, 1, 1) array [17.6405234597, 4.00157208367, ...]

