FindParams:
                    blur_every: 0
                   blur_radius: 0
                         decay: 0.3
                     lr_params: {'lr': 100.0}
                     lr_policy: constant
                      max_iter: 750
                  push_channel: 271
                      push_dir: 1
                    push_layer: inception_4e/3x3
                  push_spatial: (0, 0)
                     push_unit: (271, 0, 0)
     px_abs_benefit_percentile: 0
         px_benefit_percentile: 0
                     rand_seed: 0
         small_norm_percentile: 20.0
          small_val_percentile: 0
                      start_at: mean_plus_rand


FindResults:
                       best_ii: 740
                      best_obj: 13.8983
                       best_xx: (3, 224, 224) array [-0.042497365819, 0.0543108649748, ...]
                          dist: [1.02043931465e-14, 2402.60225468, ..., 4607.54606842, 4607.47266557]
                        idxmax: [(157, 12, 1), (157, 12, 1), ..., (271, 1, 1), (271, 1, 1)]
                            ii: [0, 1, ..., 748, 749]
                         ismax: [False, False, ..., False, False]
                       last_ii: 749
                      last_obj: 13.1859
                       last_xx: (3, 224, 224) array [-0.00048530007976, -0.012593450811, ...]
                  majority_obj: None
                   majority_xx: None
                   meta_result: Metaresult: majority failure
                          norm: [20.5668045944, 2884.58303704, ..., 78.1609294844, 77.3421494524]
                           obj: [0.0, 3.05207, ..., 10.4627, 13.1859]
                           std: [5.58935924311, 4.56639260309, ..., 0.201456384726, 0.199346021844]
                            x0: (3, 1, 1) array [17.6405234597, 4.00157208367, ...]

