FindParams:
                    blur_every: 0
                   blur_radius: 0
                         decay: 0.3
                     lr_params: {'lr': 100.0}
                     lr_policy: constant
                      max_iter: 750
                  push_channel: 235
                      push_dir: 1
                    push_layer: inception_4e/3x3
                  push_spatial: (0, 0)
                     push_unit: (235, 0, 0)
     px_abs_benefit_percentile: 0
         px_benefit_percentile: 0
                     rand_seed: 0
         small_norm_percentile: 20.0
          small_val_percentile: 0
                      start_at: mean_plus_rand


FindResults:
                       best_ii: 724
                      best_obj: 16.2168
                       best_xx: (3, 224, 224) array [0.0270238408239, 0.0186187236227, ...]
                          dist: [1.02043931465e-14, 2402.61909838, ..., 4607.59134772, 4607.68483546]
                        idxmax: [(157, 12, 1), (157, 12, 1), ..., (244, 2, 1), (235, 1, 1)]
                            ii: [0, 1, ..., 748, 749]
                         ismax: [False, False, ..., False, False]
                       last_ii: 749
                      last_obj: 8.97923
                       last_xx: (3, 224, 224) array [-0.0569144661239, -0.0343963824666, ...]
                  majority_obj: None
                   majority_xx: None
                   meta_result: Metaresult: majority failure
                          norm: [20.5668045944, 2884.5476579, ..., 85.6189347932, 88.3629725026]
                           obj: [0.756864, 0.0, ..., 8.1716, 8.97923]
                           std: [5.58935924311, 4.56637900595, ..., 0.220679084449, 0.227751721748]
                            x0: (3, 1, 1) array [17.6405234597, 4.00157208367, ...]

