FindParams:
                    blur_every: 0
                   blur_radius: 0
                         decay: 0.3
                     lr_params: {'lr': 100.0}
                     lr_policy: constant
                      max_iter: 750
                  push_channel: 177
                      push_dir: 1
                    push_layer: inception_4e/3x3
                  push_spatial: (0, 0)
                     push_unit: (177, 0, 0)
     px_abs_benefit_percentile: 0
         px_benefit_percentile: 0
                     rand_seed: 0
         small_norm_percentile: 20.0
          small_val_percentile: 0
                      start_at: mean_plus_rand


FindResults:
                       best_ii: 579
                      best_obj: 12.8567
                       best_xx: (3, 224, 224) array [0.0157363152007, 0.0485311766082, ...]
                          dist: [1.02043931465e-14, 2402.58005822, ..., 4607.39762609, 4607.26728961]
                        idxmax: [(157, 12, 1), (157, 12, 1), ..., (177, 1, 1), (167, 1, 1)]
                            ii: [0, 1, ..., 748, 749]
                         ismax: [False, False, ..., False, False]
                       last_ii: 749
                      last_obj: 7.89308
                       last_xx: (3, 224, 224) array [-0.0175843435299, -0.00420514418281, ...]
                  majority_obj: None
                   majority_xx: None
                   meta_result: Metaresult: majority failure
                          norm: [20.5668045944, 2884.62817466, ..., 74.6385092276, 67.9885660199]
                           obj: [0.0, 0.0, ..., 11.3661, 7.89308]
                           std: [5.58935924311, 4.56642062787, ..., 0.192377490742, 0.175237575414]
                            x0: (3, 1, 1) array [17.6405234597, 4.00157208367, ...]

