FindParams:
                    blur_every: 0
                   blur_radius: 0
                         decay: 0.3
                     lr_params: {'lr': 100.0}
                     lr_policy: constant
                      max_iter: 750
                  push_channel: 259
                      push_dir: 1
                    push_layer: inception_4e/3x3
                  push_spatial: (0, 0)
                     push_unit: (259, 0, 0)
     px_abs_benefit_percentile: 0
         px_benefit_percentile: 0
                     rand_seed: 0
         small_norm_percentile: 20.0
          small_val_percentile: 0
                      start_at: mean_plus_rand


FindResults:
                       best_ii: 744
                      best_obj: 10.6453
                       best_xx: (3, 224, 224) array [-0.00127016597158, -0.0221056236827, ...]
                          dist: [1.02043931465e-14, 2402.58452319, ..., 4607.15838877, 4607.11605477]
                        idxmax: [(157, 12, 1), (157, 12, 1), ..., (167, 1, 1), (167, 1, 1)]
                            ii: [0, 1, ..., 748, 749]
                         ismax: [False, False, ..., False, False]
                       last_ii: 749
                      last_obj: 9.50263
                       last_xx: (3, 224, 224) array [-0.019315223949, -0.0923985731713, ...]
                  majority_obj: None
                   majority_xx: None
                   meta_result: Metaresult: majority failure
                          norm: [20.5668045944, 2884.61769156, ..., 65.5552208577, 63.3799063983]
                           obj: [0.0, 0.0, ..., 8.87299, 9.50263]
                           std: [5.58935924311, 4.56642618203, ..., 0.168965733696, 0.163358946391]
                            x0: (3, 1, 1) array [17.6405234597, 4.00157208367, ...]

