FindParams:
                    blur_every: 0
                   blur_radius: 0
                         decay: 0.3
                     lr_params: {'lr': 100.0}
                     lr_policy: constant
                      max_iter: 750
                  push_channel: 243
                      push_dir: 1
                    push_layer: inception_4e/3x3
                  push_spatial: (0, 0)
                     push_unit: (243, 0, 0)
     px_abs_benefit_percentile: 0
         px_benefit_percentile: 0
                     rand_seed: 0
         small_norm_percentile: 20.0
          small_val_percentile: 0
                      start_at: mean_plus_rand


FindResults:
                       best_ii: 581
                      best_obj: 10.7412
                       best_xx: (3, 224, 224) array [-0.0579689882738, -0.049839133421, ...]
                          dist: [1.02043931465e-14, 2402.60695597, ..., 4607.06532744, 4607.05229084]
                        idxmax: [(157, 12, 1), (157, 12, 1), ..., (311, 1, 1), (243, 1, 1)]
                            ii: [0, 1, ..., 748, 749]
                         ismax: [False, False, ..., False, False]
                       last_ii: 749
                      last_obj: 8.68208
                       last_xx: (3, 224, 224) array [-0.168951176486, -0.101095903694, ...]
                  majority_obj: None
                   majority_xx: None
                   meta_result: Metaresult: majority failure
                          norm: [20.5668045944, 2884.57364805, ..., 53.7335717847, 50.4587764729]
                           obj: [0.0, 0.207958, ..., 8.79917, 8.68208]
                           std: [5.58935924311, 4.56639398292, ..., 0.138495815988, 0.130055089599]
                            x0: (3, 1, 1) array [17.6405234597, 4.00157208367, ...]

