FindParams:
                    blur_every: 0
                   blur_radius: 0
                         decay: 0.3
                     lr_params: {'lr': 100.0}
                     lr_policy: constant
                      max_iter: 750
                  push_channel: 202
                      push_dir: 1
                    push_layer: inception_4e/3x3
                  push_spatial: (0, 0)
                     push_unit: (202, 0, 0)
     px_abs_benefit_percentile: 0
         px_benefit_percentile: 0
                     rand_seed: 0
         small_norm_percentile: 20.0
          small_val_percentile: 0
                      start_at: mean_plus_rand


FindResults:
                       best_ii: 583
                      best_obj: 10.6096
                       best_xx: (3, 224, 224) array [-0.0082717009752, 0.0329203352334, ...]
                          dist: [1.02043931465e-14, 2402.6092584, ..., 4607.32053704, 4607.31265687]
                        idxmax: [(157, 12, 1), (157, 12, 1), ..., (202, 1, 1), (202, 1, 1)]
                            ii: [0, 1, ..., 748, 749]
                         ismax: [False, False, ..., False, False]
                       last_ii: 749
                      last_obj: 8.63338
                       last_xx: (3, 224, 224) array [-0.00126116826591, -0.00906585338907, ...]
                  majority_obj: None
                   majority_xx: None
                   meta_result: Metaresult: majority failure
                          norm: [20.5668045944, 2884.56820001, ..., 59.3322338893, 63.2151619648]
                           obj: [0.0, 0.0, ..., 7.31215, 8.63338]
                           std: [5.58935924311, 4.56638329012, ..., 0.152926185641, 0.162934238905]
                            x0: (3, 1, 1) array [17.6405234597, 4.00157208367, ...]

