FindParams:
                    blur_every: 0
                   blur_radius: 0
                         decay: 0.3
                     lr_params: {'lr': 100.0}
                     lr_policy: constant
                      max_iter: 750
                  push_channel: 245
                      push_dir: 1
                    push_layer: inception_4e/3x3
                  push_spatial: (0, 0)
                     push_unit: (245, 0, 0)
     px_abs_benefit_percentile: 0
         px_benefit_percentile: 0
                     rand_seed: 0
         small_norm_percentile: 20.0
          small_val_percentile: 0
                      start_at: mean_plus_rand


FindResults:
                       best_ii: 548
                      best_obj: 9.71203
                       best_xx: (3, 224, 224) array [-0.0296778566017, -0.010319864356, ...]
                          dist: [1.02043931465e-14, 2402.55700199, ..., 4607.26693018, 4607.15962858]
                        idxmax: [(157, 12, 1), (157, 12, 1), ..., (287, 1, 1), (245, 1, 1)]
                            ii: [0, 1, ..., 748, 749]
                         ismax: [False, False, ..., False, False]
                       last_ii: 749
                      last_obj: 8.11054
                       last_xx: (3, 224, 224) array [0.018180568329, 0.00280377450024, ...]
                  majority_obj: None
                   majority_xx: None
                   meta_result: Metaresult: majority failure
                          norm: [20.5668045944, 2884.6735298, ..., 58.4728185067, 52.1785344871]
                           obj: [0.0, 0.389315, ..., 8.67338, 8.11054]
                           std: [5.58935924311, 4.56642550819, ..., 0.15071107338, 0.134487855092]
                            x0: (3, 1, 1) array [17.6405234597, 4.00157208367, ...]

