FindParams:
                    blur_every: 0
                   blur_radius: 0
                         decay: 0.3
                     lr_params: {'lr': 100.0}
                     lr_policy: constant
                      max_iter: 750
                  push_channel: 261
                      push_dir: 1
                    push_layer: inception_4e/3x3
                  push_spatial: (0, 0)
                     push_unit: (261, 0, 0)
     px_abs_benefit_percentile: 0
         px_benefit_percentile: 0
                     rand_seed: 0
         small_norm_percentile: 20.0
          small_val_percentile: 0
                      start_at: mean_plus_rand


FindResults:
                       best_ii: 690
                      best_obj: 4.53039
                       best_xx: (3, 224, 224) array [0.0192270851327, -0.0120447145675, ...]
                          dist: [1.02043931465e-14, 2402.60900632, ..., 4607.23947024, 4607.23298138]
                        idxmax: [(157, 12, 1), (268, 9, 1), ..., (287, 1, 3), (287, 1, 3)]
                            ii: [0, 1, ..., 748, 749]
                         ismax: [False, False, ..., False, False]
                       last_ii: 749
                      last_obj: 3.67871
                       last_xx: (3, 224, 224) array [0.0283653068439, 0.0149432479608, ...]
                  majority_obj: None
                   majority_xx: None
                   meta_result: Metaresult: majority failure
                          norm: [20.5668045944, 2884.56773649, ..., 63.5211072805, 60.9891726585]
                           obj: [0.0, 0.0, ..., 2.47317, 3.67871]
                           std: [5.58935924311, 4.5663857167, ..., 0.163722807781, 0.157196789397]
                            x0: (3, 1, 1) array [17.6405234597, 4.00157208367, ...]

