FindParams:
                    blur_every: 0
                   blur_radius: 0
                         decay: 0.3
                     lr_params: {'lr': 100.0}
                     lr_policy: constant
                      max_iter: 750
                  push_channel: 180
                      push_dir: 1
                    push_layer: inception_4e/3x3
                  push_spatial: (0, 0)
                     push_unit: (180, 0, 0)
     px_abs_benefit_percentile: 0
         px_benefit_percentile: 0
                     rand_seed: 0
         small_norm_percentile: 20.0
          small_val_percentile: 0
                      start_at: mean_plus_rand


FindResults:
                       best_ii: 421
                      best_obj: 0.895648
                       best_xx: (3, 224, 224) array [0.00120127327709, 0.00285882032466, ...]
                          dist: [1.02043931465e-14, 2402.67083333, ..., 4606.97974044, 4606.97920408]
                        idxmax: [(157, 12, 1), (157, 12, 1), ..., (130, 2, 1), (130, 2, 1)]
                            ii: [0, 1, ..., 748, 749]
                         ismax: [False, False, ..., False, False]
                       last_ii: 749
                      last_obj: 0.876913
                       last_xx: (3, 224, 224) array [0.00653033486208, 0.0234031861951, ...]
                  majority_obj: None
                   majority_xx: None
                   meta_result: Metaresult: majority failure
                          norm: [20.5668045944, 2884.4459134, ..., 7.84937978005, 6.95757343331]
                           obj: [0.604073, 0.107076, ..., 0.884231, 0.876913]
                           std: [5.58935924311, 4.5663331184, ..., 0.0202313735109, 0.0179327647534]
                            x0: (3, 1, 1) array [17.6405234597, 4.00157208367, ...]

