FindParams:
                    blur_every: 0
                   blur_radius: 0
                         decay: 0.3
                     lr_params: {'lr': 100.0}
                     lr_policy: constant
                      max_iter: 750
                  push_channel: 214
                      push_dir: 1
                    push_layer: inception_4e/3x3
                  push_spatial: (0, 0)
                     push_unit: (214, 0, 0)
     px_abs_benefit_percentile: 0
         px_benefit_percentile: 0
                     rand_seed: 0
         small_norm_percentile: 20.0
          small_val_percentile: 0
                      start_at: mean_plus_rand


FindResults:
                       best_ii: 520
                      best_obj: 7.52542
                       best_xx: (3, 224, 224) array [-0.00603263862695, -0.042579319138, ...]
                          dist: [1.02043931465e-14, 2402.59016742, ..., 4607.3458853, 4607.29798509]
                        idxmax: [(157, 12, 1), (157, 12, 1), ..., (30, 1, 1), (147, 1, 1)]
                            ii: [0, 1, ..., 748, 749]
                         ismax: [False, False, ..., False, False]
                       last_ii: 749
                      last_obj: 4.77779
                       last_xx: (3, 224, 224) array [-0.0291515728915, -0.00413438613779, ...]
                  majority_obj: None
                   majority_xx: None
                   meta_result: Metaresult: majority failure
                          norm: [20.5668045944, 2884.60593346, ..., 63.6830888849, 63.764468112]
                           obj: [0.0, 0.0, ..., 5.46065, 4.77779]
                           std: [5.58935924311, 4.56641290224, ..., 0.164140388848, 0.164350138896]
                            x0: (3, 1, 1) array [17.6405234597, 4.00157208367, ...]

