FindParams:
                    blur_every: 0
                   blur_radius: 0
                         decay: 0.3
                     lr_params: {'lr': 100.0}
                     lr_policy: constant
                      max_iter: 750
                  push_channel: 254
                      push_dir: 1
                    push_layer: inception_4e/3x3
                  push_spatial: (0, 0)
                     push_unit: (254, 0, 0)
     px_abs_benefit_percentile: 0
         px_benefit_percentile: 0
                     rand_seed: 0
         small_norm_percentile: 20.0
          small_val_percentile: 0
                      start_at: mean_plus_rand


FindResults:
                       best_ii: 630
                      best_obj: 19.2332
                       best_xx: (3, 224, 224) array [0.0325711772158, 0.186643601058, ...]
                          dist: [1.02043931465e-14, 2402.59964671, ..., 4608.09634762, 4607.92410577]
                        idxmax: [(157, 12, 1), (268, 9, 1), ..., (74, 1, 1), (74, 1, 1)]
                            ii: [0, 1, ..., 748, 749]
                         ismax: [False, False, ..., False, False]
                       last_ii: 749
                      last_obj: 14.855
                       last_xx: (3, 224, 224) array [0.000815296777418, 0.123489143621, ...]
                  majority_obj: None
                   majority_xx: None
                   meta_result: Metaresult: majority failure
                          norm: [20.5668045944, 2884.58709745, ..., 110.757245305, 103.756442017]
                           obj: [0.0, 0.0, ..., 9.42844, 14.855]
                           std: [5.58935924311, 4.56639447765, ..., 0.285471988211, 0.267427714899]
                            x0: (3, 1, 1) array [17.6405234597, 4.00157208367, ...]

