FindParams:
                    blur_every: 0
                   blur_radius: 0
                         decay: 0.3
                     lr_params: {'lr': 100.0}
                     lr_policy: constant
                      max_iter: 750
                  push_channel: 284
                      push_dir: 1
                    push_layer: inception_4e/3x3
                  push_spatial: (0, 0)
                     push_unit: (284, 0, 0)
     px_abs_benefit_percentile: 0
         px_benefit_percentile: 0
                     rand_seed: 0
         small_norm_percentile: 20.0
          small_val_percentile: 0
                      start_at: mean_plus_rand


FindResults:
                       best_ii: 606
                      best_obj: 18.7036
                       best_xx: (3, 224, 224) array [-0.0237125449264, -0.0154053830197, ...]
                          dist: [1.02043931465e-14, 2402.59595937, ..., 4607.47582277, 4607.31529308]
                        idxmax: [(157, 12, 1), (157, 12, 1), ..., (284, 0, 1), (68, 1, 1)]
                            ii: [0, 1, ..., 748, 749]
                         ismax: [False, False, ..., False, False]
                       last_ii: 749
                      last_obj: 13.4431
                       last_xx: (3, 224, 224) array [0.016051113859, -0.0152391344767, ...]
                  majority_obj: None
                   majority_xx: None
                   meta_result: Metaresult: majority failure
                          norm: [20.5668045944, 2884.59519665, ..., 73.4184614965, 66.5432292418]
                           obj: [0.0, 0.0, ..., 17.4313, 13.4431]
                           std: [5.58935924311, 4.56643454397, ..., 0.189232733455, 0.171512182323]
                            x0: (3, 1, 1) array [17.6405234597, 4.00157208367, ...]

