FindParams:
                    blur_every: 0
                   blur_radius: 0
                         decay: 0.3
                     lr_params: {'lr': 100.0}
                     lr_policy: constant
                      max_iter: 750
                  push_channel: 226
                      push_dir: 1
                    push_layer: inception_4e/3x3
                  push_spatial: (0, 0)
                     push_unit: (226, 0, 0)
     px_abs_benefit_percentile: 0
         px_benefit_percentile: 0
                     rand_seed: 0
         small_norm_percentile: 20.0
          small_val_percentile: 0
                      start_at: mean_plus_rand


FindResults:
                       best_ii: 595
                      best_obj: 23.6968
                       best_xx: (3, 224, 224) array [-0.0285335393216, -0.0529799385191, ...]
                          dist: [1.02043931465e-14, 2402.59049037, ..., 4607.60226777, 4607.43855214]
                        idxmax: [(157, 12, 1), (157, 12, 1), ..., (226, 1, 1), (226, 0, 1)]
                            ii: [0, 1, ..., 748, 749]
                         ismax: [False, False, ..., False, False]
                       last_ii: 749
                      last_obj: 18.9045
                       last_xx: (3, 224, 224) array [0.0252974109304, -0.0566940467535, ...]
                  majority_obj: None
                   majority_xx: None
                   meta_result: Metaresult: majority failure
                          norm: [20.5668045944, 2884.60574205, ..., 85.2616476422, 80.9840428525]
                           obj: [0.629499, 0.0, ..., 14.75, 18.9045]
                           std: [5.58935924311, 4.56645549338, ..., 0.219758171643, 0.208732844505]
                            x0: (3, 1, 1) array [17.6405234597, 4.00157208367, ...]

