FindParams:
                    blur_every: 0
                   blur_radius: 0
                         decay: 0.3
                     lr_params: {'lr': 100.0}
                     lr_policy: constant
                      max_iter: 750
                  push_channel: 283
                      push_dir: 1
                    push_layer: inception_4e/3x3
                  push_spatial: (0, 0)
                     push_unit: (283, 0, 0)
     px_abs_benefit_percentile: 0
         px_benefit_percentile: 0
                     rand_seed: 0
         small_norm_percentile: 20.0
          small_val_percentile: 0
                      start_at: mean_plus_rand


FindResults:
                       best_ii: 624
                      best_obj: 7.52734
                       best_xx: (3, 224, 224) array [-0.0101301662981, -0.0090161165449, ...]
                          dist: [1.02043931465e-14, 2402.62439597, ..., 4607.15419269, 4607.11518536]
                        idxmax: [(157, 12, 1), (157, 12, 1), ..., (182, 1, 1), (74, 1, 1)]
                            ii: [0, 1, ..., 748, 749]
                         ismax: [False, False, ..., False, False]
                       last_ii: 749
                      last_obj: 6.34942
                       last_xx: (3, 224, 224) array [-0.000566851083619, 0.0211616619717, ...]
                  majority_obj: None
                   majority_xx: None
                   meta_result: Metaresult: majority failure
                          norm: [20.5668045944, 2884.53769947, ..., 45.5910044836, 43.0795471028]
                           obj: [0.0, 0.0, ..., 6.65298, 6.34942]
                           std: [5.58935924311, 4.56638387248, ..., 0.117508637473, 0.111035481138]
                            x0: (3, 1, 1) array [17.6405234597, 4.00157208367, ...]

