FindParams:
                    blur_every: 0
                   blur_radius: 0
                         decay: 0.3
                     lr_params: {'lr': 100.0}
                     lr_policy: constant
                      max_iter: 750
                  push_channel: 227
                      push_dir: 1
                    push_layer: inception_4e/3x3
                  push_spatial: (0, 0)
                     push_unit: (227, 0, 0)
     px_abs_benefit_percentile: 0
         px_benefit_percentile: 0
                     rand_seed: 0
         small_norm_percentile: 20.0
          small_val_percentile: 0
                      start_at: mean_plus_rand


FindResults:
                       best_ii: 563
                      best_obj: 8.2615
                       best_xx: (3, 224, 224) array [-0.0177137867585, -0.0310232358978, ...]
                          dist: [1.02043931465e-14, 2402.61090483, ..., 4607.01462236, 4606.99169183]
                        idxmax: [(157, 12, 1), (157, 12, 1), ..., (227, 1, 1), (227, 1, 1)]
                            ii: [0, 1, ..., 748, 749]
                         ismax: [False, False, ..., False, False]
                       last_ii: 749
                      last_obj: 7.31883
                       last_xx: (3, 224, 224) array [-0.0579288526515, -0.0470091211322, ...]
                  majority_obj: None
                   majority_xx: None
                   meta_result: Metaresult: majority failure
                          norm: [20.5668045944, 2884.56370611, ..., 51.1570774921, 49.7545655172]
                           obj: [0.0, 0.705424, ..., 6.93525, 7.31883]
                           std: [5.58935924311, 4.56637667018, ..., 0.131854878706, 0.128239989177]
                            x0: (3, 1, 1) array [17.6405234597, 4.00157208367, ...]

