FindParams:
                    blur_every: 0
                   blur_radius: 0
                         decay: 0.3
                     lr_params: {'lr': 100.0}
                     lr_policy: constant
                      max_iter: 750
                  push_channel: 278
                      push_dir: 1
                    push_layer: inception_4e/3x3
                  push_spatial: (0, 0)
                     push_unit: (278, 0, 0)
     px_abs_benefit_percentile: 0
         px_benefit_percentile: 0
                     rand_seed: 0
         small_norm_percentile: 20.0
          small_val_percentile: 0
                      start_at: mean_plus_rand


FindResults:
                       best_ii: 481
                      best_obj: 29.1577
                       best_xx: (3, 224, 224) array [-0.0386467814141, -0.0519404745495, ...]
                          dist: [1.02043931465e-14, 2402.58658185, ..., 4607.93467226, 4607.7651806]
                        idxmax: [(157, 12, 1), (157, 12, 1), ..., (27, 1, 2), (27, 1, 2)]
                            ii: [0, 1, ..., 748, 749]
                         ismax: [False, False, ..., False, False]
                       last_ii: 749
                      last_obj: 25.5338
                       last_xx: (3, 224, 224) array [-0.0510027258668, -0.112050108207, ...]
                  majority_obj: None
                   majority_xx: None
                   meta_result: Metaresult: majority failure
                          norm: [20.5668045944, 2884.61445703, ..., 106.908994305, 100.900218543]
                           obj: [0.0, 0.0381484, ..., 25.4203, 25.5338]
                           std: [5.58935924311, 4.5664129647, ..., 0.275553257189, 0.260065913197]
                            x0: (3, 1, 1) array [17.6405234597, 4.00157208367, ...]

