FindParams:
                    blur_every: 0
                   blur_radius: 0
                         decay: 0.3
                     lr_params: {'lr': 100.0}
                     lr_policy: constant
                      max_iter: 750
                  push_channel: 185
                      push_dir: 1
                    push_layer: inception_4e/3x3
                  push_spatial: (0, 0)
                     push_unit: (185, 0, 0)
     px_abs_benefit_percentile: 0
         px_benefit_percentile: 0
                     rand_seed: 0
         small_norm_percentile: 20.0
          small_val_percentile: 0
                      start_at: mean_plus_rand


FindResults:
                       best_ii: 530
                      best_obj: 15.0643
                       best_xx: (3, 224, 224) array [-0.05465802634, -0.0539736971455, ...]
                          dist: [1.02043931465e-14, 2402.57156145, ..., 4607.58776738, 4607.48361569]
                        idxmax: [(157, 12, 1), (157, 12, 1), ..., (185, 1, 1), (185, 1, 1)]
                            ii: [0, 1, ..., 748, 749]
                         ismax: [False, False, ..., False, False]
                       last_ii: 749
                      last_obj: 14.1861
                       last_xx: (3, 224, 224) array [0.0100798748293, -0.0477726243469, ...]
                  majority_obj: None
                   majority_xx: None
                   meta_result: Metaresult: majority failure
                          norm: [20.5668045944, 2884.64704053, ..., 73.6038078863, 66.2630607813]
                           obj: [0.0, 0.0, ..., 12.6101, 14.1861]
                           std: [5.58935924311, 4.56644940385, ..., 0.189710617395, 0.17079015298]
                            x0: (3, 1, 1) array [17.6405234597, 4.00157208367, ...]

