FindParams:
                    blur_every: 0
                   blur_radius: 0
                         decay: 0.3
                     lr_params: {'lr': 100.0}
                     lr_policy: constant
                      max_iter: 750
                  push_channel: 172
                      push_dir: 1
                    push_layer: inception_4e/3x3
                  push_spatial: (0, 0)
                     push_unit: (172, 0, 0)
     px_abs_benefit_percentile: 0
         px_benefit_percentile: 0
                     rand_seed: 0
         small_norm_percentile: 20.0
          small_val_percentile: 0
                      start_at: mean_plus_rand


FindResults:
                       best_ii: 479
                      best_obj: 7.29893
                       best_xx: (3, 224, 224) array [0.00123548692108, -0.0167849214424, ...]
                          dist: [1.02043931465e-14, 2402.63128882, ..., 4607.19162493, 4607.14544593]
                        idxmax: [(157, 12, 1), (157, 12, 1), ..., (252, 1, 1), (68, 1, 1)]
                            ii: [0, 1, ..., 748, 749]
                         ismax: [False, False, ..., False, False]
                       last_ii: 749
                      last_obj: 4.34967
                       last_xx: (3, 224, 224) array [-0.0171140537502, 0.00530661716002, ...]
                  majority_obj: None
                   majority_xx: None
                   meta_result: Metaresult: majority failure
                          norm: [20.5668045944, 2884.523397, ..., 46.0097194298, 42.2447070257]
                           obj: [0.0, 0.0, ..., 5.91166, 4.34967]
                           std: [5.58935924311, 4.56637823877, ..., 0.1185880232, 0.108883879311]
                            x0: (3, 1, 1) array [17.6405234597, 4.00157208367, ...]

