FindParams:
                    blur_every: 0
                   blur_radius: 0
                         decay: 0.3
                     lr_params: {'lr': 100.0}
                     lr_policy: constant
                      max_iter: 750
                  push_channel: 236
                      push_dir: 1
                    push_layer: inception_4e/3x3
                  push_spatial: (0, 0)
                     push_unit: (236, 0, 0)
     px_abs_benefit_percentile: 0
         px_benefit_percentile: 0
                     rand_seed: 0
         small_norm_percentile: 20.0
          small_val_percentile: 0
                      start_at: mean_plus_rand


FindResults:
                       best_ii: 679
                      best_obj: 3.66891
                       best_xx: (3, 224, 224) array [0.00330158868803, -0.0149021151821, ...]
                          dist: [1.02043931465e-14, 2402.60680168, ..., 4607.1361801, 4607.13167298]
                        idxmax: [(157, 12, 1), (157, 12, 1), ..., (182, 1, 1), (182, 1, 1)]
                            ii: [0, 1, ..., 748, 749]
                         ismax: [False, False, ..., False, False]
                       last_ii: 749
                      last_obj: 3.06075
                       last_xx: (3, 224, 224) array [-0.0110873056448, -0.0274390236467, ...]
                  majority_obj: None
                   majority_xx: None
                   meta_result: Metaresult: majority failure
                          norm: [20.5668045944, 2884.57177876, ..., 40.041560109, 38.1989236864]
                           obj: [0.0, 0.238691, ..., 2.62422, 3.06075]
                           std: [5.58935924311, 4.56639470531, ..., 0.103205375303, 0.0984560663948]
                            x0: (3, 1, 1) array [17.6405234597, 4.00157208367, ...]

