FindParams:
                    blur_every: 0
                   blur_radius: 0
                         decay: 0.3
                     lr_params: {'lr': 100.0}
                     lr_policy: constant
                      max_iter: 750
                  push_channel: 289
                      push_dir: 1
                    push_layer: inception_4e/3x3
                  push_spatial: (0, 0)
                     push_unit: (289, 0, 0)
     px_abs_benefit_percentile: 0
         px_benefit_percentile: 0
                     rand_seed: 0
         small_norm_percentile: 20.0
          small_val_percentile: 0
                      start_at: mean_plus_rand


FindResults:
                       best_ii: 339
                      best_obj: 5.82377
                       best_xx: (3, 224, 224) array [0.00557670974497, -0.147344281828, ...]
                          dist: [1.02043931465e-14, 2402.62933691, ..., 4607.09695721, 4607.07685736]
                        idxmax: [(157, 12, 1), (268, 9, 1), ..., (268, 1, 1), (268, 1, 1)]
                            ii: [0, 1, ..., 748, 749]
                         ismax: [False, False, ..., False, False]
                       last_ii: 749
                      last_obj: 4.89754
                       last_xx: (3, 224, 224) array [0.0833755571949, 0.0247101048714, ...]
                  majority_obj: None
                   majority_xx: None
                   meta_result: Metaresult: majority failure
                          norm: [20.5668045944, 2884.52774446, ..., 37.4497613189, 39.3580029336]
                           obj: [0.0, 0.0, ..., 4.84101, 4.89754]
                           std: [5.58935924311, 4.56637760522, ..., 0.0965249765743, 0.101443458371]
                            x0: (3, 1, 1) array [17.6405234597, 4.00157208367, ...]

