FindParams:
                    blur_every: 0
                   blur_radius: 0
                         decay: 0.3
                     lr_params: {'lr': 100.0}
                     lr_policy: constant
                      max_iter: 750
                  push_channel: 192
                      push_dir: 1
                    push_layer: inception_4e/3x3
                  push_spatial: (0, 0)
                     push_unit: (192, 0, 0)
     px_abs_benefit_percentile: 0
         px_benefit_percentile: 0
                     rand_seed: 0
         small_norm_percentile: 20.0
          small_val_percentile: 0
                      start_at: mean_plus_rand


FindResults:
                       best_ii: 630
                      best_obj: 10.2306
                       best_xx: (3, 224, 224) array [0.0208440285141, 0.0344457203932, ...]
                          dist: [1.02043931465e-14, 2402.61470082, ..., 4607.5599383, 4607.428811]
                        idxmax: [(157, 12, 1), (157, 12, 1), ..., (303, 1, 1), (268, 1, 1)]
                            ii: [0, 1, ..., 748, 749]
                         ismax: [False, False, ..., False, False]
                       last_ii: 749
                      last_obj: 6.33965
                       last_xx: (3, 224, 224) array [-0.0313272731348, -0.000786918851574, ...]
                  majority_obj: None
                   majority_xx: None
                   meta_result: Metaresult: majority failure
                          norm: [20.5668045944, 2884.55654455, ..., 71.416811172, 67.3080478899]
                           obj: [0.0, 0.0, ..., 9.5513, 6.33965]
                           std: [5.58935924311, 4.56638680631, ..., 0.184073714313, 0.173483561581]
                            x0: (3, 1, 1) array [17.6405234597, 4.00157208367, ...]

