FindParams:
                    blur_every: 0
                   blur_radius: 0
                         decay: 0.3
                     lr_params: {'lr': 100.0}
                     lr_policy: constant
                      max_iter: 750
                  push_channel: 213
                      push_dir: 1
                    push_layer: inception_4e/3x3
                  push_spatial: (0, 0)
                     push_unit: (213, 0, 0)
     px_abs_benefit_percentile: 0
         px_benefit_percentile: 0
                     rand_seed: 0
         small_norm_percentile: 20.0
          small_val_percentile: 0
                      start_at: mean_plus_rand


FindResults:
                       best_ii: 560
                      best_obj: 11.8854
                       best_xx: (3, 224, 224) array [0.00153771486981, -0.0129202934803, ...]
                          dist: [1.02043931465e-14, 2402.60492555, ..., 4607.31071818, 4607.20798448]
                        idxmax: [(157, 12, 1), (157, 12, 1), ..., (213, 1, 1), (213, 1, 1)]
                            ii: [0, 1, ..., 748, 749]
                         ismax: [False, False, ..., False, False]
                       last_ii: 749
                      last_obj: 10.4966
                       last_xx: (3, 224, 224) array [0.00500964375148, -0.018741445907, ...]
                  majority_obj: None
                   majority_xx: None
                   meta_result: Metaresult: majority failure
                          norm: [20.5668045944, 2884.57829833, ..., 62.3384956677, 60.0069518684]
                           obj: [0.0, 0.0, ..., 10.0901, 10.4966]
                           std: [5.58935924311, 4.56638679391, ..., 0.160674525338, 0.154665070237]
                            x0: (3, 1, 1) array [17.6405234597, 4.00157208367, ...]

