FindParams:
                    blur_every: 0
                   blur_radius: 0
                         decay: 0.3
                     lr_params: {'lr': 100.0}
                     lr_policy: constant
                      max_iter: 750
                  push_channel: 215
                      push_dir: 1
                    push_layer: inception_4e/3x3
                  push_spatial: (0, 0)
                     push_unit: (215, 0, 0)
     px_abs_benefit_percentile: 0
         px_benefit_percentile: 0
                     rand_seed: 0
         small_norm_percentile: 20.0
          small_val_percentile: 0
                      start_at: mean_plus_rand


FindResults:
                       best_ii: 552
                      best_obj: 2.03826
                       best_xx: (3, 224, 224) array [-0.00114160086409, -0.0474882379011, ...]
                          dist: [1.02043931465e-14, 2402.61590655, ..., 4607.08401079, 4607.08152299]
                        idxmax: [(157, 12, 1), (157, 12, 1), ..., (130, 1, 1), (130, 1, 1)]
                            ii: [0, 1, ..., 748, 749]
                         ismax: [False, False, ..., False, False]
                       last_ii: 749
                      last_obj: 1.21415
                       last_xx: (3, 224, 224) array [-0.0688893060701, -0.044237184974, ...]
                  majority_obj: None
                   majority_xx: None
                   meta_result: Metaresult: majority failure
                          norm: [20.5668045944, 2884.55474375, ..., 37.2085539712, 35.0030202837]
                           obj: [0.0, 0.0, ..., 0.535452, 1.21415]
                           std: [5.58935924311, 4.56639300657, ..., 0.095903405853, 0.0902187333638]
                            x0: (3, 1, 1) array [17.6405234597, 4.00157208367, ...]

