FindParams:
                    blur_every: 0
                   blur_radius: 0
                         decay: 0.3
                     lr_params: {'lr': 100.0}
                     lr_policy: constant
                      max_iter: 750
                  push_channel: 175
                      push_dir: 1
                    push_layer: inception_4e/3x3
                  push_spatial: (0, 0)
                     push_unit: (175, 0, 0)
     px_abs_benefit_percentile: 0
         px_benefit_percentile: 0
                     rand_seed: 0
         small_norm_percentile: 20.0
          small_val_percentile: 0
                      start_at: mean_plus_rand


FindResults:
                       best_ii: 473
                      best_obj: 3.29643
                       best_xx: (3, 224, 224) array [-0.00454888416641, -0.00352425984846, ...]
                          dist: [1.02043931465e-14, 2402.59671308, ..., 4607.03146134, 4607.04799399]
                        idxmax: [(157, 12, 1), (157, 12, 1), ..., (37, 1, 1), (37, 1, 1)]
                            ii: [0, 1, ..., 748, 749]
                         ismax: [False, False, ..., False, False]
                       last_ii: 749
                      last_obj: 2.31122
                       last_xx: (3, 224, 224) array [0.00296157431025, 0.0733600884048, ...]
                  majority_obj: None
                   majority_xx: None
                   meta_result: Metaresult: majority failure
                          norm: [20.5668045944, 2884.59346896, ..., 41.9053520922, 41.6283099782]
                           obj: [0.0, 0.0, ..., 3.19929, 2.31122]
                           std: [5.58935924311, 4.5664000338, ..., 0.108009193958, 0.107295106657]
                            x0: (3, 1, 1) array [17.6405234597, 4.00157208367, ...]

