FindParams:
                    blur_every: 0
                   blur_radius: 0
                         decay: 0.3
                     lr_params: {'lr': 100.0}
                     lr_policy: constant
                      max_iter: 750
                  push_channel: 255
                      push_dir: 1
                    push_layer: inception_4e/3x3
                  push_spatial: (0, 0)
                     push_unit: (255, 0, 0)
     px_abs_benefit_percentile: 0
         px_benefit_percentile: 0
                     rand_seed: 0
         small_norm_percentile: 20.0
          small_val_percentile: 0
                      start_at: mean_plus_rand


FindResults:
                       best_ii: 739
                      best_obj: 9.3844
                       best_xx: (3, 224, 224) array [0.00277074597145, 0.0749933380789, ...]
                          dist: [1.02043931465e-14, 2402.57429665, ..., 4607.457634, 4607.48772831]
                        idxmax: [(157, 12, 1), (157, 12, 1), ..., (61, 2, 1), (153, 1, 1)]
                            ii: [0, 1, ..., 748, 749]
                         ismax: [False, False, ..., False, False]
                       last_ii: 749
                      last_obj: 7.59247
                       last_xx: (3, 224, 224) array [0.0442360192637, 0.0591542208954, ...]
                  majority_obj: None
                   majority_xx: None
                   meta_result: Metaresult: majority failure
                          norm: [20.5668045944, 2884.63732691, ..., 68.4192729749, 72.2624826358]
                           obj: [0.0, 0.0, ..., 8.02649, 7.59247]
                           std: [5.58935924311, 4.56643095721, ..., 0.176347292154, 0.186252991252]
                            x0: (3, 1, 1) array [17.6405234597, 4.00157208367, ...]

