FindParams:
                    blur_every: 0
                   blur_radius: 0
                         decay: 0.3
                     lr_params: {'lr': 100.0}
                     lr_policy: constant
                      max_iter: 750
                  push_channel: 280
                      push_dir: 1
                    push_layer: inception_4e/3x3
                  push_spatial: (0, 0)
                     push_unit: (280, 0, 0)
     px_abs_benefit_percentile: 0
         px_benefit_percentile: 0
                     rand_seed: 0
         small_norm_percentile: 20.0
          small_val_percentile: 0
                      start_at: mean_plus_rand


FindResults:
                       best_ii: 541
                      best_obj: 18.6139
                       best_xx: (3, 224, 224) array [0.0274869954107, 0.00122365888137, ...]
                          dist: [1.02043931465e-14, 2402.60949803, ..., 4607.91471039, 4607.66951639]
                        idxmax: [(157, 12, 1), (157, 12, 1), ..., (27, 1, 1), (167, 1, 3)]
                            ii: [0, 1, ..., 748, 749]
                         ismax: [False, False, ..., False, False]
                       last_ii: 749
                      last_obj: 17.3941
                       last_xx: (3, 224, 224) array [0.00515600907941, 0.00482919003696, ...]
                  majority_obj: None
                   majority_xx: None
                   meta_result: Metaresult: majority failure
                          norm: [20.5668045944, 2884.56833253, ..., 97.2241525216, 84.721387373]
                           obj: [0.0, 0.0, ..., 16.2971, 17.3941]
                           std: [5.58935924311, 4.56637502169, ..., 0.250590939462, 0.218365536605]
                            x0: (3, 1, 1) array [17.6405234597, 4.00157208367, ...]

