FindParams:
                    blur_every: 0
                   blur_radius: 0
                         decay: 0.3
                     lr_params: {'lr': 100.0}
                     lr_policy: constant
                      max_iter: 750
                  push_channel: 274
                      push_dir: 1
                    push_layer: inception_4e/3x3
                  push_spatial: (0, 0)
                     push_unit: (274, 0, 0)
     px_abs_benefit_percentile: 0
         px_benefit_percentile: 0
                     rand_seed: 0
         small_norm_percentile: 20.0
          small_val_percentile: 0
                      start_at: mean_plus_rand


FindResults:
                       best_ii: 387
                      best_obj: 10.6232
                       best_xx: (3, 224, 224) array [-0.0158813792795, 0.00473900384961, ...]
                          dist: [1.02043931465e-14, 2402.57756506, ..., 4606.94302502, 4606.94184076]
                        idxmax: [(157, 12, 1), (157, 12, 1), ..., (157, 1, 1), (157, 1, 1)]
                            ii: [0, 1, ..., 748, 749]
                         ismax: [False, False, ..., False, False]
                       last_ii: 749
                      last_obj: 9.28605
                       last_xx: (3, 224, 224) array [-0.00939560185651, 0.00134830941249, ...]
                  majority_obj: None
                   majority_xx: None
                   meta_result: Metaresult: majority failure
                          norm: [20.5668045944, 2884.63137368, ..., 49.8765628916, 51.4222751589]
                           obj: [4.95963, 0.0, ..., 8.61229, 9.28605]
                           std: [5.58935924311, 4.56641379183, ..., 0.128554663819, 0.132538675549]
                            x0: (3, 1, 1) array [17.6405234597, 4.00157208367, ...]

