FindParams:
                    blur_every: 0
                   blur_radius: 0
                         decay: 0.3
                     lr_params: {'lr': 100.0}
                     lr_policy: constant
                      max_iter: 750
                  push_channel: 174
                      push_dir: 1
                    push_layer: inception_4e/3x3
                  push_spatial: (0, 0)
                     push_unit: (174, 0, 0)
     px_abs_benefit_percentile: 0
         px_benefit_percentile: 0
                     rand_seed: 0
         small_norm_percentile: 20.0
          small_val_percentile: 0
                      start_at: mean_plus_rand


FindResults:
                       best_ii: 747
                      best_obj: 27.7308
                       best_xx: (3, 224, 224) array [0.0841572388623, 0.0243152037769, ...]
                          dist: [1.02043931465e-14, 2402.56386961, ..., 4607.91828143, 4607.91449027]
                        idxmax: [(157, 12, 1), (268, 9, 1), ..., (174, 0, 1), (174, 0, 1)]
                            ii: [0, 1, ..., 748, 749]
                         ismax: [False, False, ..., False, False]
                       last_ii: 749
                      last_obj: 24.0546
                       last_xx: (3, 224, 224) array [0.0520532775976, 0.0533055296118, ...]
                   majority_ii: 91
                  majority_obj: 14.1658
                   majority_xx: (3, 224, 224) array [-0.00460446614755, -0.106758960943, ...]
                   meta_result: Metaresult: majority success
                          norm: [20.5668045944, 2884.65961781, ..., 98.6389212302, 96.5715238215]
                           obj: [0.0, 0.0, ..., 26.8368, 24.0546]
                           std: [5.58935924311, 4.56645209513, ..., 0.254236910938, 0.24890849728]
                            x0: (3, 1, 1) array [17.6405234597, 4.00157208367, ...]

