FindParams:
                    blur_every: 0
                   blur_radius: 0
                         decay: 0.3
                     lr_params: {'lr': 100.0}
                     lr_policy: constant
                      max_iter: 750
                  push_channel: 166
                      push_dir: 1
                    push_layer: inception_4e/3x3
                  push_spatial: (0, 0)
                     push_unit: (166, 0, 0)
     px_abs_benefit_percentile: 0
         px_benefit_percentile: 0
                     rand_seed: 0
         small_norm_percentile: 20.0
          small_val_percentile: 0
                      start_at: mean_plus_rand


FindResults:
                       best_ii: 670
                      best_obj: 5.79563
                       best_xx: (3, 224, 224) array [0.00203803260456, -0.00157008641679, ...]
                          dist: [1.02043931465e-14, 2402.62309055, ..., 4607.24726906, 4607.19052569]
                        idxmax: [(157, 12, 1), (157, 12, 1), ..., (268, 1, 1), (167, 1, 1)]
                            ii: [0, 1, ..., 748, 749]
                         ismax: [False, False, ..., False, False]
                       last_ii: 749
                      last_obj: 4.83932
                       last_xx: (3, 224, 224) array [-0.0283523843887, 0.0128299289453, ...]
                  majority_obj: None
                   majority_xx: None
                   meta_result: Metaresult: majority failure
                          norm: [20.5668045944, 2884.54005155, ..., 60.2198049502, 58.1396233708]
                           obj: [0.0, 0.0, ..., 3.75486, 4.83932]
                           std: [5.58935924311, 4.56637733027, ..., 0.155213671284, 0.149852231202]
                            x0: (3, 1, 1) array [17.6405234597, 4.00157208367, ...]

