FindParams:
                    blur_every: 0
                   blur_radius: 0
                         decay: 0.3
                     lr_params: {'lr': 100.0}
                     lr_policy: constant
                      max_iter: 750
                  push_channel: 195
                      push_dir: 1
                    push_layer: inception_4e/3x3
                  push_spatial: (0, 0)
                     push_unit: (195, 0, 0)
     px_abs_benefit_percentile: 0
         px_benefit_percentile: 0
                     rand_seed: 0
         small_norm_percentile: 20.0
          small_val_percentile: 0
                      start_at: mean_plus_rand


FindResults:
                       best_ii: 316
                      best_obj: 6.53611
                       best_xx: (3, 224, 224) array [0.00586921174511, 0.0166186363199, ...]
                          dist: [1.02043931465e-14, 2402.5994815, ..., 4607.26208591, 4607.12513856]
                        idxmax: [(157, 12, 1), (268, 1, 1), ..., (108, 1, 1), (37, 1, 1)]
                            ii: [0, 1, ..., 748, 749]
                         ismax: [False, False, ..., False, False]
                       last_ii: 749
                      last_obj: 5.62723
                       last_xx: (3, 224, 224) array [-0.002315091101, -0.00960971378548, ...]
                  majority_obj: None
                   majority_xx: None
                   meta_result: Metaresult: majority failure
                          norm: [20.5668045944, 2884.58763771, ..., 62.5577817232, 54.7405516197]
                           obj: [0.0, 0.0, ..., 5.06078, 5.62723]
                           std: [5.58935924311, 4.56640650788, ..., 0.161239942411, 0.141091345109]
                            x0: (3, 1, 1) array [17.6405234597, 4.00157208367, ...]

