FindParams:
                    blur_every: 0
                   blur_radius: 0
                         decay: 0.3
                     lr_params: {'lr': 100.0}
                     lr_policy: constant
                      max_iter: 750
                  push_channel: 218
                      push_dir: 1
                    push_layer: inception_4e/3x3
                  push_spatial: (0, 0)
                     push_unit: (218, 0, 0)
     px_abs_benefit_percentile: 0
         px_benefit_percentile: 0
                     rand_seed: 0
         small_norm_percentile: 20.0
          small_val_percentile: 0
                      start_at: mean_plus_rand


FindResults:
                       best_ii: 568
                      best_obj: 9.96
                       best_xx: (3, 224, 224) array [0.0116517704886, 0.0118279589303, ...]
                          dist: [1.02043931465e-14, 2402.60870256, ..., 4607.0426052, 4606.98166709]
                        idxmax: [(157, 12, 1), (157, 12, 1), ..., (98, 1, 1), (98, 1, 1)]
                            ii: [0, 1, ..., 748, 749]
                         ismax: [False, False, ..., False, False]
                       last_ii: 749
                      last_obj: 9.03286
                       last_xx: (3, 224, 224) array [0.00976076506329, -0.0366416794004, ...]
                  majority_obj: None
                   majority_xx: None
                   meta_result: Metaresult: majority failure
                          norm: [20.5668045944, 2884.56956249, ..., 57.7810300194, 54.6104093225]
                           obj: [0.0, 0.0340667, ..., 8.16423, 9.03286]
                           std: [5.58935924311, 4.56637589151, ..., 0.148928045339, 0.140755885601]
                            x0: (3, 1, 1) array [17.6405234597, 4.00157208367, ...]

