FindParams:
                    blur_every: 0
                   blur_radius: 0
                         decay: 0.3
                     lr_params: {'lr': 100.0}
                     lr_policy: constant
                      max_iter: 750
                  push_channel: 282
                      push_dir: 1
                    push_layer: inception_4e/3x3
                  push_spatial: (0, 0)
                     push_unit: (282, 0, 0)
     px_abs_benefit_percentile: 0
         px_benefit_percentile: 0
                     rand_seed: 0
         small_norm_percentile: 20.0
          small_val_percentile: 0
                      start_at: mean_plus_rand


FindResults:
                       best_ii: 441
                      best_obj: 19.3241
                       best_xx: (3, 224, 224) array [-0.0433224766584, 0.0307326017737, ...]
                          dist: [1.02043931465e-14, 2402.62986986, ..., 4607.5187812, 4607.44564981]
                        idxmax: [(157, 12, 1), (268, 1, 1), ..., (282, 1, 1), (282, 1, 1)]
                            ii: [0, 1, ..., 748, 749]
                         ismax: [False, False, ..., False, False]
                       last_ii: 749
                      last_obj: 16.4431
                       last_xx: (3, 224, 224) array [-0.0174276340809, 0.0381152483157, ...]
                  majority_obj: None
                   majority_xx: None
                   meta_result: Metaresult: majority failure
                          norm: [20.5668045944, 2884.5269226, ..., 85.5314634701, 77.3748402154]
                           obj: [0.0, 0.0, ..., 15.5655, 16.4431]
                           std: [5.58935924311, 4.5663736248, ..., 0.220453577307, 0.199430164294]
                            x0: (3, 1, 1) array [17.6405234597, 4.00157208367, ...]

