FindParams:
                    blur_every: 0
                   blur_radius: 0
                         decay: 0.3
                     lr_params: {'lr': 100.0}
                     lr_policy: constant
                      max_iter: 750
                  push_channel: 165
                      push_dir: 1
                    push_layer: inception_4e/3x3
                  push_spatial: (0, 0)
                     push_unit: (165, 0, 0)
     px_abs_benefit_percentile: 0
         px_benefit_percentile: 0
                     rand_seed: 0
         small_norm_percentile: 20.0
          small_val_percentile: 0
                      start_at: mean_plus_rand


FindResults:
                       best_ii: 620
                      best_obj: 0.741957
                       best_xx: (3, 224, 224) array [-0.000105055437317, 0.0090269544354, ...]
                          dist: [1.02043931465e-14, 2402.57815845, ..., 4606.96181913, 4606.99719522]
                        idxmax: [(157, 12, 1), (157, 12, 1), ..., (157, 2, 1), (157, 1, 1)]
                            ii: [0, 1, ..., 748, 749]
                         ismax: [False, False, ..., False, False]
                       last_ii: 749
                      last_obj: 0.471521
                       last_xx: (3, 224, 224) array [-0.000500600956173, 0.00838359558412, ...]
                  majority_obj: None
                   majority_xx: None
                   meta_result: Metaresult: majority failure
                          norm: [20.5668045944, 2884.63009488, ..., 21.2476709923, 27.4871311057]
                           obj: [0.0, 0.0, ..., 0.429339, 0.471521]
                           std: [5.58935924311, 4.56641326672, ..., 0.054764914661, 0.0708468756626]
                            x0: (3, 1, 1) array [17.6405234597, 4.00157208367, ...]

