FindParams:
                    blur_every: 0
                   blur_radius: 0
                         decay: 0.3
                     lr_params: {'lr': 100.0}
                     lr_policy: constant
                      max_iter: 750
                  push_channel: 229
                      push_dir: 1
                    push_layer: inception_4e/3x3
                  push_spatial: (0, 0)
                     push_unit: (229, 0, 0)
     px_abs_benefit_percentile: 0
         px_benefit_percentile: 0
                     rand_seed: 0
         small_norm_percentile: 20.0
          small_val_percentile: 0
                      start_at: mean_plus_rand


FindResults:
                       best_ii: 524
                      best_obj: 11.3255
                       best_xx: (3, 224, 224) array [-0.114493378092, -0.0674603661481, ...]
                          dist: [1.02043931465e-14, 2402.61396466, ..., 4607.4278769, 4607.28243394]
                        idxmax: [(157, 12, 1), (157, 12, 1), ..., (287, 2, 1), (287, 2, 1)]
                            ii: [0, 1, ..., 748, 749]
                         ismax: [False, False, ..., False, False]
                       last_ii: 749
                      last_obj: 7.08231
                       last_xx: (3, 224, 224) array [-0.0167034534025, 0.0112855532215, ...]
                  majority_obj: None
                   majority_xx: None
                   meta_result: Metaresult: majority failure
                          norm: [20.5668045944, 2884.55827756, ..., 69.3100411122, 64.5830348472]
                           obj: [0.0, 0.0, ..., 9.19983, 7.08231]
                           std: [5.58935924311, 4.56641314038, ..., 0.178643619758, 0.166459956552]
                            x0: (3, 1, 1) array [17.6405234597, 4.00157208367, ...]

