FindParams:
                    blur_every: 0
                   blur_radius: 0
                         decay: 0.3
                     lr_params: {'lr': 100.0}
                     lr_policy: constant
                      max_iter: 750
                  push_channel: 290
                      push_dir: 1
                    push_layer: inception_4e/3x3
                  push_spatial: (0, 0)
                     push_unit: (290, 0, 0)
     px_abs_benefit_percentile: 0
         px_benefit_percentile: 0
                     rand_seed: 0
         small_norm_percentile: 20.0
          small_val_percentile: 0
                      start_at: mean_plus_rand


FindResults:
                       best_ii: 505
                      best_obj: 10.1408
                       best_xx: (3, 224, 224) array [0.0428212232181, 0.0248374874426, ...]
                          dist: [1.02043931465e-14, 2402.61156333, ..., 4607.24085765, 4607.24452231]
                        idxmax: [(157, 12, 1), (157, 12, 1), ..., (303, 2, 2), (287, 1, 1)]
                            ii: [0, 1, ..., 748, 749]
                         ismax: [False, False, ..., False, False]
                       last_ii: 749
                      last_obj: 7.7046
                       last_xx: (3, 224, 224) array [0.108118840102, -0.017072519746, ...]
                  majority_obj: None
                   majority_xx: None
                   meta_result: Metaresult: majority failure
                          norm: [20.5668045944, 2884.56416507, ..., 66.22974476, 64.7548305738]
                           obj: [0.0, 0.0, ..., 8.79889, 7.7046]
                           std: [5.58935924311, 4.5663757385, ..., 0.170704278696, 0.166902760843]
                            x0: (3, 1, 1) array [17.6405234597, 4.00157208367, ...]

