FindParams:
                    blur_every: 0
                   blur_radius: 0
                         decay: 0.3
                     lr_params: {'lr': 100.0}
                     lr_policy: constant
                      max_iter: 750
                  push_channel: 186
                      push_dir: 1
                    push_layer: inception_4e/3x3
                  push_spatial: (0, 0)
                     push_unit: (186, 0, 0)
     px_abs_benefit_percentile: 0
         px_benefit_percentile: 0
                     rand_seed: 0
         small_norm_percentile: 20.0
          small_val_percentile: 0
                      start_at: mean_plus_rand


FindResults:
                       best_ii: 610
                      best_obj: 14.3694
                       best_xx: (3, 224, 224) array [-0.0262263999835, -0.00274876224876, ...]
                          dist: [1.02043931465e-14, 2402.58597187, ..., 4607.43993613, 4607.43617972]
                        idxmax: [(157, 12, 1), (157, 12, 1), ..., (186, 1, 1), (186, 1, 1)]
                            ii: [0, 1, ..., 748, 749]
                         ismax: [False, False, ..., False, False]
                       last_ii: 749
                      last_obj: 10.268
                       last_xx: (3, 224, 224) array [-0.0111923155029, 0.0740734258129, ...]
                  majority_obj: None
                   majority_xx: None
                   meta_result: Metaresult: majority failure
                          norm: [20.5668045944, 2884.61649626, ..., 69.1092897944, 69.9931249952]
                           obj: [0.0, 0.0388837, ..., 11.1454, 10.268]
                           std: [5.58935924311, 4.5664132348, ..., 0.178125582699, 0.180403826911]
                            x0: (3, 1, 1) array [17.6405234597, 4.00157208367, ...]

