FindParams:
                    blur_every: 0
                   blur_radius: 0
                         decay: 0.3
                     lr_params: {'lr': 100.0}
                     lr_policy: constant
                      max_iter: 750
                  push_channel: 191
                      push_dir: 1
                    push_layer: inception_4e/3x3
                  push_spatial: (0, 0)
                     push_unit: (191, 0, 0)
     px_abs_benefit_percentile: 0
         px_benefit_percentile: 0
                     rand_seed: 0
         small_norm_percentile: 20.0
          small_val_percentile: 0
                      start_at: mean_plus_rand


FindResults:
                       best_ii: 699
                      best_obj: 9.28866
                       best_xx: (3, 224, 224) array [-0.0416953955364, -0.0149916065569, ...]
                          dist: [1.02043931465e-14, 2402.5896149, ..., 4606.96587254, 4607.01801058]
                        idxmax: [(157, 12, 1), (157, 12, 1), ..., (182, 1, 1), (311, 1, 1)]
                            ii: [0, 1, ..., 748, 749]
                         ismax: [False, False, ..., False, False]
                       last_ii: 749
                      last_obj: 7.51608
                       last_xx: (3, 224, 224) array [-0.0293708355763, -0.0929462374079, ...]
                  majority_obj: None
                   majority_xx: None
                   meta_result: Metaresult: majority failure
                          norm: [20.5668045944, 2884.60743891, ..., 46.9075951487, 49.4394678163]
                           obj: [0.0, 0.0, ..., 7.84088, 7.51608]
                           std: [5.58935924311, 4.56642946305, ..., 0.120902286382, 0.127428051053]
                            x0: (3, 1, 1) array [17.6405234597, 4.00157208367, ...]

