FindParams:
                    blur_every: 0
                   blur_radius: 0
                         decay: 0.3
                     lr_params: {'lr': 100.0}
                     lr_policy: constant
                      max_iter: 750
                  push_channel: 224
                      push_dir: 1
                    push_layer: inception_4e/3x3
                  push_spatial: (0, 0)
                     push_unit: (224, 0, 0)
     px_abs_benefit_percentile: 0
         px_benefit_percentile: 0
                     rand_seed: 0
         small_norm_percentile: 20.0
          small_val_percentile: 0
                      start_at: mean_plus_rand


FindResults:
                       best_ii: 315
                      best_obj: 5.18849
                       best_xx: (3, 224, 224) array [-0.00854505621561, 0.0308351487222, ...]
                          dist: [1.02043931465e-14, 2402.60513074, ..., 4607.38631897, 4607.37720974]
                        idxmax: [(157, 12, 1), (157, 12, 1), ..., (268, 1, 1), (250, 1, 1)]
                            ii: [0, 1, ..., 748, 749]
                         ismax: [False, False, ..., False, False]
                       last_ii: 749
                      last_obj: 4.41989
                       last_xx: (3, 224, 224) array [0.0440275579032, 0.238585475177, ...]
                  majority_obj: None
                   majority_xx: None
                   meta_result: Metaresult: majority failure
                          norm: [20.5668045944, 2884.57578754, ..., 67.3882026493, 66.5260336655]
                           obj: [0.0, 0.0, ..., 2.92626, 4.41989]
                           std: [5.58935924311, 4.5664015158, ..., 0.173689822452, 0.171467727406]
                            x0: (3, 1, 1) array [17.6405234597, 4.00157208367, ...]

