FindParams:
                    blur_every: 0
                   blur_radius: 0
                         decay: 0.3
                     lr_params: {'lr': 100.0}
                     lr_policy: constant
                      max_iter: 750
                  push_channel: 242
                      push_dir: 1
                    push_layer: inception_4e/3x3
                  push_spatial: (0, 0)
                     push_unit: (242, 0, 0)
     px_abs_benefit_percentile: 0
         px_benefit_percentile: 0
                     rand_seed: 0
         small_norm_percentile: 20.0
          small_val_percentile: 0
                      start_at: mean_plus_rand


FindResults:
                       best_ii: 565
                      best_obj: 9.60155
                       best_xx: (3, 224, 224) array [-0.000426958330408, -0.0046965353859, ...]
                          dist: [1.02043931465e-14, 2402.59083557, ..., 4607.40900639, 4607.62386165]
                        idxmax: [(157, 12, 1), (157, 12, 1), ..., (98, 1, 1), (185, 1, 1)]
                            ii: [0, 1, ..., 748, 749]
                         ismax: [False, False, ..., False, False]
                       last_ii: 749
                      last_obj: 6.96684
                       last_xx: (3, 224, 224) array [0.00288136754995, 0.0113925183443, ...]
                  majority_obj: None
                   majority_xx: None
                   meta_result: Metaresult: majority failure
                          norm: [20.5668045944, 2884.60714444, ..., 62.7772231664, 68.6444588088]
                           obj: [0.0, 0.0, ..., 4.28776, 6.96684]
                           std: [5.58935924311, 4.56639428286, ..., 0.161805556208, 0.176928092301]
                            x0: (3, 1, 1) array [17.6405234597, 4.00157208367, ...]

