FindParams:
                    blur_every: 0
                   blur_radius: 0
                         decay: 0.3
                     lr_params: {'lr': 100.0}
                     lr_policy: constant
                      max_iter: 750
                  push_channel: 253
                      push_dir: 1
                    push_layer: inception_4e/3x3
                  push_spatial: (0, 0)
                     push_unit: (253, 0, 0)
     px_abs_benefit_percentile: 0
         px_benefit_percentile: 0
                     rand_seed: 0
         small_norm_percentile: 20.0
          small_val_percentile: 0
                      start_at: mean_plus_rand


FindResults:
                       best_ii: 701
                      best_obj: 11.0085
                       best_xx: (3, 224, 224) array [-0.00487388885573, 0.0162730370429, ...]
                          dist: [1.02043931465e-14, 2402.62724101, ..., 4607.39793978, 4607.36591776]
                        idxmax: [(157, 12, 1), (157, 12, 1), ..., (253, 1, 1), (176, 0, 1)]
                            ii: [0, 1, ..., 748, 749]
                         ismax: [False, False, ..., False, False]
                       last_ii: 749
                      last_obj: 9.81631
                       last_xx: (3, 224, 224) array [-0.00427252991966, 0.0112353946898, ...]
                  majority_obj: None
                   majority_xx: None
                   meta_result: Metaresult: majority failure
                          norm: [20.5668045944, 2884.53214203, ..., 67.7832585599, 65.5361217666]
                           obj: [0.0, 0.0, ..., 9.5984, 9.81631]
                           std: [5.58935924311, 4.56637170147, ..., 0.174708384766, 0.168916446981]
                            x0: (3, 1, 1) array [17.6405234597, 4.00157208367, ...]

