FindParams:
                    blur_every: 0
                   blur_radius: 0
                         decay: 0.3
                     lr_params: {'lr': 100.0}
                     lr_policy: constant
                      max_iter: 750
                  push_channel: 291
                      push_dir: 1
                    push_layer: inception_4e/3x3
                  push_spatial: (0, 0)
                     push_unit: (291, 0, 0)
     px_abs_benefit_percentile: 0
         px_benefit_percentile: 0
                     rand_seed: 0
         small_norm_percentile: 20.0
          small_val_percentile: 0
                      start_at: mean_plus_rand


FindResults:
                       best_ii: 747
                      best_obj: 8.27126
                       best_xx: (3, 224, 224) array [0.00080818750034, 0.0109495288333, ...]
                          dist: [1.02043931465e-14, 2402.59686851, ..., 4606.98582633, 4607.00182143]
                        idxmax: [(157, 12, 1), (157, 12, 1), ..., (311, 1, 1), (311, 1, 1)]
                            ii: [0, 1, ..., 748, 749]
                         ismax: [False, False, ..., False, False]
                       last_ii: 749
                      last_obj: 7.13084
                       last_xx: (3, 224, 224) array [0.00775751957033, 0.0193675253262, ...]
                  majority_obj: None
                   majority_xx: None
                   meta_result: Metaresult: majority failure
                          norm: [20.5668045944, 2884.59203092, ..., 41.5507480814, 41.7745591738]
                           obj: [0.0, 1.52203, ..., 7.45591, 7.13084]
                           std: [5.58935924311, 4.56641097116, ..., 0.107095229146, 0.107672106209]
                            x0: (3, 1, 1) array [17.6405234597, 4.00157208367, ...]

