FindParams:
                    blur_every: 0
                   blur_radius: 0
                         decay: 0.3
                     lr_params: {'lr': 100.0}
                     lr_policy: constant
                      max_iter: 750
                  push_channel: 170
                      push_dir: 1
                    push_layer: inception_4e/3x3
                  push_spatial: (0, 0)
                     push_unit: (170, 0, 0)
     px_abs_benefit_percentile: 0
         px_benefit_percentile: 0
                     rand_seed: 0
         small_norm_percentile: 20.0
          small_val_percentile: 0
                      start_at: mean_plus_rand


FindResults:
                       best_ii: 551
                      best_obj: 1.84522
                       best_xx: (3, 224, 224) array [0.00687425645532, 0.0333776104155, ...]
                          dist: [1.02043931465e-14, 2402.60688585, ..., 4607.33531737, 4607.3391632]
                        idxmax: [(157, 12, 1), (157, 12, 1), ..., (80, 1, 1), (185, 1, 1)]
                            ii: [0, 1, ..., 748, 749]
                         ismax: [False, False, ..., False, False]
                       last_ii: 749
                      last_obj: 0.475651
                       last_xx: (3, 224, 224) array [-0.055017492818, -0.0708296145821, ...]
                  majority_obj: None
                   majority_xx: None
                   meta_result: Metaresult: majority failure
                          norm: [20.5668045944, 2884.57262104, ..., 54.9227169732, 55.2131602606]
                           obj: [0.0, 0.0, ..., 0.0, 0.475651]
                           std: [5.58935924311, 4.56638713212, ..., 0.141560689312, 0.142309407011]
                            x0: (3, 1, 1) array [17.6405234597, 4.00157208367, ...]

