FindParams:
                    blur_every: 0
                   blur_radius: 0
                         decay: 0.3
                     lr_params: {'lr': 100.0}
                     lr_policy: constant
                      max_iter: 750
                  push_channel: 277
                      push_dir: 1
                    push_layer: inception_4e/3x3
                  push_spatial: (0, 0)
                     push_unit: (277, 0, 0)
     px_abs_benefit_percentile: 0
         px_benefit_percentile: 0
                     rand_seed: 0
         small_norm_percentile: 20.0
          small_val_percentile: 0
                      start_at: mean_plus_rand


FindResults:
                       best_ii: 583
                      best_obj: 3.65558
                       best_xx: (3, 224, 224) array [0.0426531057948, 0.11826492482, ...]
                          dist: [1.02043931465e-14, 2402.59383645, ..., 4607.1012106, 4607.21437167]
                        idxmax: [(157, 12, 1), (157, 12, 1), ..., (287, 1, 1), (268, 1, 2)]
                            ii: [0, 1, ..., 748, 749]
                         ismax: [False, False, ..., False, False]
                       last_ii: 749
                      last_obj: 2.56926
                       last_xx: (3, 224, 224) array [0.00354841168159, 0.0436937186021, ...]
                  majority_obj: None
                   majority_xx: None
                   meta_result: Metaresult: majority failure
                          norm: [20.5668045944, 2884.59892696, ..., 40.4769088424, 52.2303094488]
                           obj: [0.0, 0.0, ..., 1.89586, 2.56926]
                           std: [5.58935924311, 4.56639857573, ..., 0.104327441683, 0.134621279048]
                            x0: (3, 1, 1) array [17.6405234597, 4.00157208367, ...]

