FindParams:
                    blur_every: 0
                   blur_radius: 0
                         decay: 0.3
                     lr_params: {'lr': 100.0}
                     lr_policy: constant
                      max_iter: 750
                  push_channel: 206
                      push_dir: 1
                    push_layer: inception_4e/3x3
                  push_spatial: (0, 0)
                     push_unit: (206, 0, 0)
     px_abs_benefit_percentile: 0
         px_benefit_percentile: 0
                     rand_seed: 0
         small_norm_percentile: 20.0
          small_val_percentile: 0
                      start_at: mean_plus_rand


FindResults:
                       best_ii: 642
                      best_obj: 11.3627
                       best_xx: (3, 224, 224) array [-0.0725446187785, -0.138318778972, ...]
                          dist: [1.02043931465e-14, 2402.5960094, ..., 4607.09755462, 4607.00693955]
                        idxmax: [(157, 12, 1), (157, 12, 1), ..., (206, 1, 1), (206, 1, 1)]
                            ii: [0, 1, ..., 748, 749]
                         ismax: [False, False, ..., False, False]
                       last_ii: 749
                      last_obj: 8.09517
                       last_xx: (3, 224, 224) array [-0.00517280416857, 0.0825729238357, ...]
                  majority_obj: None
                   majority_xx: None
                   meta_result: Metaresult: majority failure
                          norm: [20.5668045944, 2884.59614953, ..., 60.7905687768, 52.1959046312]
                           obj: [0.0, 1.26388, ..., 9.40245, 8.09517]
                           std: [5.58935924311, 4.566386499, ..., 0.156684985418, 0.134532613472]
                            x0: (3, 1, 1) array [17.6405234597, 4.00157208367, ...]

