FindParams:
                    blur_every: 0
                   blur_radius: 0
                         decay: 0.3
                     lr_params: {'lr': 100.0}
                     lr_policy: constant
                      max_iter: 750
                  push_channel: 250
                      push_dir: 1
                    push_layer: inception_4e/3x3
                  push_spatial: (0, 0)
                     push_unit: (250, 0, 0)
     px_abs_benefit_percentile: 0
         px_benefit_percentile: 0
                     rand_seed: 0
         small_norm_percentile: 20.0
          small_val_percentile: 0
                      start_at: mean_plus_rand


FindResults:
                       best_ii: 599
                      best_obj: 9.69116
                       best_xx: (3, 224, 224) array [-0.000704683355423, -0.00807963463964, ...]
                          dist: [1.02043931465e-14, 2402.57133896, ..., 4607.12509531, 4607.16974083]
                        idxmax: [(157, 12, 1), (157, 12, 1), ..., (130, 1, 1), (268, 1, 1)]
                            ii: [0, 1, ..., 748, 749]
                         ismax: [False, False, ..., False, False]
                       last_ii: 749
                      last_obj: 5.77983
                       last_xx: (3, 224, 224) array [-0.00892400474714, 0.0412797177501, ...]
                  majority_obj: None
                   majority_xx: None
                   meta_result: Metaresult: majority failure
                          norm: [20.5668045944, 2884.64474128, ..., 56.1062020396, 58.5683266775]
                           obj: [0.0, 3.37193, ..., 5.38118, 5.77983]
                           std: [5.58935924311, 4.56644329845, ..., 0.144611273746, 0.150957304706]
                            x0: (3, 1, 1) array [17.6405234597, 4.00157208367, ...]

