FindParams:
                    blur_every: 0
                   blur_radius: 0
                         decay: 0.3
                     lr_params: {'lr': 100.0}
                     lr_policy: constant
                      max_iter: 750
                  push_channel: 223
                      push_dir: 1
                    push_layer: inception_4e/3x3
                  push_spatial: (0, 0)
                     push_unit: (223, 0, 0)
     px_abs_benefit_percentile: 0
         px_benefit_percentile: 0
                     rand_seed: 0
         small_norm_percentile: 20.0
          small_val_percentile: 0
                      start_at: mean_plus_rand


FindResults:
                       best_ii: 699
                      best_obj: 6.11205
                       best_xx: (3, 224, 224) array [0.0106168761386, -0.0280705718637, ...]
                          dist: [1.02043931465e-14, 2402.59632925, ..., 4607.08047668, 4607.07645438]
                        idxmax: [(157, 12, 1), (268, 1, 1), ..., (185, 1, 1), (108, 2, 1)]
                            ii: [0, 1, ..., 748, 749]
                         ismax: [False, False, ..., False, False]
                       last_ii: 749
                      last_obj: 3.7854
                       last_xx: (3, 224, 224) array [-0.0171514330623, -0.0719449495729, ...]
                  majority_obj: None
                   majority_xx: None
                   meta_result: Metaresult: majority failure
                          norm: [20.5668045944, 2884.59362757, ..., 48.1942734546, 47.4819042062]
                           obj: [0.0, 0.0, ..., 4.50903, 3.7854]
                           std: [5.58935924311, 4.56641538163, ..., 0.12421863828, 0.122382542655]
                            x0: (3, 1, 1) array [17.6405234597, 4.00157208367, ...]

