FindParams:
                    blur_every: 0
                   blur_radius: 0
                         decay: 0.3
                     lr_params: {'lr': 100.0}
                     lr_policy: constant
                      max_iter: 750
                  push_channel: 200
                      push_dir: 1
                    push_layer: inception_4e/3x3
                  push_spatial: (0, 0)
                     push_unit: (200, 0, 0)
     px_abs_benefit_percentile: 0
         px_benefit_percentile: 0
                     rand_seed: 0
         small_norm_percentile: 20.0
          small_val_percentile: 0
                      start_at: mean_plus_rand


FindResults:
                       best_ii: 293
                      best_obj: 15.735
                       best_xx: (3, 224, 224) array [0.0198481516918, -0.0308898752434, ...]
                          dist: [1.02043931465e-14, 2402.58151617, ..., 4607.50111061, 4607.41803328]
                        idxmax: [(157, 12, 1), (157, 12, 1), ..., (68, 1, 1), (200, 1, 1)]
                            ii: [0, 1, ..., 748, 749]
                         ismax: [False, False, ..., False, False]
                       last_ii: 749
                      last_obj: 14.3465
                       last_xx: (3, 224, 224) array [-0.00827718074206, 0.0234398965581, ...]
                  majority_obj: None
                   majority_xx: None
                   meta_result: Metaresult: majority failure
                          norm: [20.5668045944, 2884.62620973, ..., 72.0962444966, 66.3697631865]
                           obj: [0.0, 0.0, ..., 13.8618, 14.3465]
                           std: [5.58935924311, 4.56642115088, ..., 0.185824794546, 0.171064981517]
                            x0: (3, 1, 1) array [17.6405234597, 4.00157208367, ...]

