FindParams:
                    blur_every: 0
                   blur_radius: 0
                         decay: 0.3
                     lr_params: {'lr': 100.0}
                     lr_policy: constant
                      max_iter: 750
                  push_channel: 296
                      push_dir: 1
                    push_layer: inception_4e/3x3
                  push_spatial: (0, 0)
                     push_unit: (296, 0, 0)
     px_abs_benefit_percentile: 0
         px_benefit_percentile: 0
                     rand_seed: 0
         small_norm_percentile: 20.0
          small_val_percentile: 0
                      start_at: mean_plus_rand


FindResults:
                       best_ii: 531
                      best_obj: 6.44587
                       best_xx: (3, 224, 224) array [-0.0132197554947, -0.0392594542333, ...]
                          dist: [1.02043931465e-14, 2402.60697607, ..., 4607.06548353, 4607.03386758]
                        idxmax: [(157, 12, 1), (157, 12, 1), ..., (185, 1, 1), (268, 1, 1)]
                            ii: [0, 1, ..., 748, 749]
                         ismax: [False, False, ..., False, False]
                       last_ii: 749
                      last_obj: 5.56349
                       last_xx: (3, 224, 224) array [0.00663275377075, -0.000828056262037, ...]
                  majority_obj: None
                   majority_xx: None
                   meta_result: Metaresult: majority failure
                          norm: [20.5668045944, 2884.57286578, ..., 33.4597371015, 31.1627917077]
                           obj: [2.37505, 2.24632, ..., 6.14476, 5.56349]
                           std: [5.58935924311, 4.56638828785, ..., 0.0862409577214, 0.0803207325858]
                            x0: (3, 1, 1) array [17.6405234597, 4.00157208367, ...]

