FindParams:
                    blur_every: 0
                   blur_radius: 0
                         decay: 0.3
                     lr_params: {'lr': 100.0}
                     lr_policy: constant
                      max_iter: 750
                  push_channel: 228
                      push_dir: 1
                    push_layer: inception_4e/3x3
                  push_spatial: (0, 0)
                     push_unit: (228, 0, 0)
     px_abs_benefit_percentile: 0
         px_benefit_percentile: 0
                     rand_seed: 0
         small_norm_percentile: 20.0
          small_val_percentile: 0
                      start_at: mean_plus_rand


FindResults:
                       best_ii: 618
                      best_obj: 10.3282
                       best_xx: (3, 224, 224) array [-0.0300177341396, -0.038713970322, ...]
                          dist: [1.02043931465e-14, 2402.61710491, ..., 4607.4468167, 4607.38212358]
                        idxmax: [(157, 12, 1), (157, 12, 1), ..., (287, 2, 1), (287, 2, 2)]
                            ii: [0, 1, ..., 748, 749]
                         ismax: [False, False, ..., False, False]
                       last_ii: 749
                      last_obj: 6.46132
                       last_xx: (3, 224, 224) array [-0.0211591015874, 0.0123107926247, ...]
                  majority_obj: None
                   majority_xx: None
                   meta_result: Metaresult: majority failure
                          norm: [20.5668045944, 2884.55217751, ..., 86.3415798353, 79.0954086583]
                           obj: [0.0, 0.0, ..., 7.55297, 6.46132]
                           std: [5.58935924311, 4.56637516143, ..., 0.222541667606, 0.203864979689]
                            x0: (3, 1, 1) array [17.6405234597, 4.00157208367, ...]

