FindParams:
                    blur_every: 0
                   blur_radius: 0
                         decay: 0.3
                     lr_params: {'lr': 100.0}
                     lr_policy: constant
                      max_iter: 750
                  push_channel: 183
                      push_dir: 1
                    push_layer: inception_4e/3x3
                  push_spatial: (0, 0)
                     push_unit: (183, 0, 0)
     px_abs_benefit_percentile: 0
         px_benefit_percentile: 0
                     rand_seed: 0
         small_norm_percentile: 20.0
          small_val_percentile: 0
                      start_at: mean_plus_rand


FindResults:
                       best_ii: 422
                      best_obj: 16.2089
                       best_xx: (3, 224, 224) array [-0.0272320401947, 0.0823979367819, ...]
                          dist: [1.02043931465e-14, 2402.55339881, ..., 4607.5871047, 4608.16632537]
                        idxmax: [(157, 12, 1), (268, 9, 1), ..., (183, 1, 1), (183, 1, 1)]
                            ii: [0, 1, ..., 748, 749]
                         ismax: [False, False, ..., False, False]
                       last_ii: 749
                      last_obj: 5.55124
                       last_xx: (3, 224, 224) array [0.00120345858984, -0.0644411654873, ...]
                  majority_obj: None
                   majority_xx: None
                   meta_result: Metaresult: majority failure
                          norm: [20.5668045944, 2884.6825103, ..., 78.8840396587, 105.875571231]
                           obj: [0.0, 0.0, ..., 11.1185, 5.55124]
                           std: [5.58935924311, 4.56647093625, ..., 0.203320163396, 0.272889676178]
                            x0: (3, 1, 1) array [17.6405234597, 4.00157208367, ...]

