FindParams:
                    blur_every: 0
                   blur_radius: 0
                         decay: 0.3
                     lr_params: {'lr': 100.0}
                     lr_policy: constant
                      max_iter: 750
                  push_channel: 171
                      push_dir: 1
                    push_layer: inception_4e/3x3
                  push_spatial: (0, 0)
                     push_unit: (171, 0, 0)
     px_abs_benefit_percentile: 0
         px_benefit_percentile: 0
                     rand_seed: 0
         small_norm_percentile: 20.0
          small_val_percentile: 0
                      start_at: mean_plus_rand


FindResults:
                       best_ii: 504
                      best_obj: 10.1789
                       best_xx: (3, 224, 224) array [-0.0846529843666, -0.0408731278738, ...]
                          dist: [1.02043931465e-14, 2402.59147006, ..., 4607.31328623, 4607.26193091]
                        idxmax: [(157, 12, 1), (157, 12, 1), ..., (30, 1, 1), (30, 1, 1)]
                            ii: [0, 1, ..., 748, 749]
                         ismax: [False, False, ..., False, False]
                       last_ii: 749
                      last_obj: 6.25197
                       last_xx: (3, 224, 224) array [-0.00139748907095, 0.0178771682306, ...]
                  majority_obj: None
                   majority_xx: None
                   meta_result: Metaresult: majority failure
                          norm: [20.5668045944, 2884.60329468, ..., 64.7438970728, 66.7788059512]
                           obj: [0.0, 0.0, ..., 8.04736, 6.25197]
                           std: [5.58935924311, 4.56642120672, ..., 0.166874509362, 0.172119456998]
                            x0: (3, 1, 1) array [17.6405234597, 4.00157208367, ...]

