FindParams:
                    blur_every: 0
                   blur_radius: 0
                         decay: 0.3
                     lr_params: {'lr': 100.0}
                     lr_policy: constant
                      max_iter: 750
                  push_channel: 198
                      push_dir: 1
                    push_layer: inception_4e/3x3
                  push_spatial: (0, 0)
                     push_unit: (198, 0, 0)
     px_abs_benefit_percentile: 0
         px_benefit_percentile: 0
                     rand_seed: 0
         small_norm_percentile: 20.0
          small_val_percentile: 0
                      start_at: mean_plus_rand


FindResults:
                       best_ii: 524
                      best_obj: 7.84002
                       best_xx: (3, 224, 224) array [-0.00503000981546, -0.0071125625241, ...]
                          dist: [1.02043931465e-14, 2402.57954734, ..., 4607.06813757, 4607.06950373]
                        idxmax: [(157, 12, 1), (268, 9, 1), ..., (268, 1, 1), (268, 1, 1)]
                            ii: [0, 1, ..., 748, 749]
                         ismax: [False, False, ..., False, False]
                       last_ii: 749
                      last_obj: 4.65899
                       last_xx: (3, 224, 224) array [-0.0436881447416, -0.0550103751964, ...]
                  majority_obj: None
                   majority_xx: None
                   meta_result: Metaresult: majority failure
                          norm: [20.5668045944, 2884.62628301, ..., 55.5704713807, 58.1268181628]
                           obj: [0.692786, 3.24806, ..., 6.14823, 4.65899]
                           std: [5.58935924311, 4.56642093715, ..., 0.143230455649, 0.149819302639]
                            x0: (3, 1, 1) array [17.6405234597, 4.00157208367, ...]

