FindParams:
                    blur_every: 0
                   blur_radius: 0
                         decay: 0.3
                     lr_params: {'lr': 100.0}
                     lr_policy: constant
                      max_iter: 750
                  push_channel: 181
                      push_dir: 1
                    push_layer: inception_4e/3x3
                  push_spatial: (0, 0)
                     push_unit: (181, 0, 0)
     px_abs_benefit_percentile: 0
         px_benefit_percentile: 0
                     rand_seed: 0
         small_norm_percentile: 20.0
          small_val_percentile: 0
                      start_at: mean_plus_rand


FindResults:
                       best_ii: 726
                      best_obj: 8.88352
                       best_xx: (3, 224, 224) array [-0.00130986846369, -0.0121396432006, ...]
                          dist: [1.02043931465e-14, 2402.62079768, ..., 4607.1178885, 4607.19134824]
                        idxmax: [(157, 12, 1), (157, 12, 1), ..., (123, 1, 1), (30, 1, 1)]
                            ii: [0, 1, ..., 748, 749]
                         ismax: [False, False, ..., False, False]
                       last_ii: 749
                      last_obj: 6.13838
                       last_xx: (3, 224, 224) array [-0.00191872203798, -0.00584157397454, ...]
                  majority_obj: None
                   majority_xx: None
                   meta_result: Metaresult: majority failure
                          norm: [20.5668045944, 2884.54459547, ..., 50.9781536601, 54.8021954555]
                           obj: [0.0, 0.490943, ..., 6.64998, 6.13838]
                           std: [5.58935924311, 4.56639846713, ..., 0.131393954035, 0.141250244037]
                            x0: (3, 1, 1) array [17.6405234597, 4.00157208367, ...]

