FindParams:
                    blur_every: 0
                   blur_radius: 0
                         decay: 0.3
                     lr_params: {'lr': 100.0}
                     lr_policy: constant
                      max_iter: 750
                  push_channel: 196
                      push_dir: 1
                    push_layer: inception_4e/3x3
                  push_spatial: (0, 0)
                     push_unit: (196, 0, 0)
     px_abs_benefit_percentile: 0
         px_benefit_percentile: 0
                     rand_seed: 0
         small_norm_percentile: 20.0
          small_val_percentile: 0
                      start_at: mean_plus_rand


FindResults:
                       best_ii: 618
                      best_obj: 9.13592
                       best_xx: (3, 224, 224) array [-0.0360090882404, -0.0709008277141, ...]
                          dist: [1.02043931465e-14, 2402.5908347, ..., 4607.25160407, 4607.38039731]
                        idxmax: [(157, 12, 1), (157, 12, 1), ..., (167, 1, 2), (167, 1, 2)]
                            ii: [0, 1, ..., 748, 749]
                         ismax: [False, False, ..., False, False]
                       last_ii: 749
                      last_obj: 8.0887
                       last_xx: (3, 224, 224) array [0.0286005913895, 0.0326484177078, ...]
                  majority_obj: None
                   majority_xx: None
                   meta_result: Metaresult: majority failure
                          norm: [20.5668045944, 2884.60340842, ..., 52.8399038076, 58.6179715993]
                           obj: [0.0, 1.70117, ..., 7.59607, 8.0887]
                           std: [5.58935924311, 4.56641914291, ..., 0.136192035777, 0.151084588412]
                            x0: (3, 1, 1) array [17.6405234597, 4.00157208367, ...]

