FindParams:
                    blur_every: 0
                   blur_radius: 0
                         decay: 0.3
                     lr_params: {'lr': 100.0}
                     lr_policy: constant
                      max_iter: 750
                  push_channel: 205
                      push_dir: 1
                    push_layer: inception_4e/3x3
                  push_spatial: (0, 0)
                     push_unit: (205, 0, 0)
     px_abs_benefit_percentile: 0
         px_benefit_percentile: 0
                     rand_seed: 0
         small_norm_percentile: 20.0
          small_val_percentile: 0
                      start_at: mean_plus_rand


FindResults:
                       best_ii: 711
                      best_obj: 6.02718
                       best_xx: (3, 224, 224) array [-0.0108084357299, 0.0316019074224, ...]
                          dist: [1.02043931465e-14, 2402.56313042, ..., 4607.04147271, 4607.02396808]
                        idxmax: [(157, 12, 1), (157, 12, 1), ..., (157, 1, 1), (268, 1, 1)]
                            ii: [0, 1, ..., 748, 749]
                         ismax: [False, False, ..., False, False]
                       last_ii: 749
                      last_obj: 5.82458
                       last_xx: (3, 224, 224) array [-0.00498538412508, 0.0418624471492, ...]
                  majority_obj: None
                   majority_xx: None
                   meta_result: Metaresult: majority failure
                          norm: [20.5668045944, 2884.65888303, ..., 38.7048633583, 37.6061130885]
                           obj: [1.98651, 0.733093, ..., 5.76904, 5.82458]
                           std: [5.58935924311, 4.56644656616, ..., 0.099760079633, 0.0969280844998]
                            x0: (3, 1, 1) array [17.6405234597, 4.00157208367, ...]

