FindParams:
                    blur_every: 0
                   blur_radius: 0
                         decay: 0.3
                     lr_params: {'lr': 100.0}
                     lr_policy: constant
                      max_iter: 750
                  push_channel: 208
                      push_dir: 1
                    push_layer: inception_4e/3x3
                  push_spatial: (0, 0)
                     push_unit: (208, 0, 0)
     px_abs_benefit_percentile: 0
         px_benefit_percentile: 0
                     rand_seed: 0
         small_norm_percentile: 20.0
          small_val_percentile: 0
                      start_at: mean_plus_rand


FindResults:
                       best_ii: 417
                      best_obj: 8.84634
                       best_xx: (3, 224, 224) array [0.0137517727288, -0.0141186632615, ...]
                          dist: [1.02043931465e-14, 2402.6131847, ..., 4607.3783834, 4607.33876552]
                        idxmax: [(157, 12, 1), (157, 12, 1), ..., (288, 1, 1), (153, 1, 1)]
                            ii: [0, 1, ..., 748, 749]
                         ismax: [False, False, ..., False, False]
                       last_ii: 749
                      last_obj: 5.82198
                       last_xx: (3, 224, 224) array [0.00316878249475, 0.0310300389822, ...]
                  majority_obj: None
                   majority_xx: None
                   meta_result: Metaresult: majority failure
                          norm: [20.5668045944, 2884.55962624, ..., 69.8894797214, 71.3973922033]
                           obj: [0.0, 0.0, ..., 6.53415, 5.82198]
                           std: [5.58935924311, 4.56638474033, ..., 0.180137027414, 0.184023642689]
                            x0: (3, 1, 1) array [17.6405234597, 4.00157208367, ...]

