FindParams:
                    blur_every: 0
                   blur_radius: 0
                         decay: 0.3
                     lr_params: {'lr': 100.0}
                     lr_policy: constant
                      max_iter: 750
                  push_channel: 207
                      push_dir: 1
                    push_layer: inception_4e/3x3
                  push_spatial: (0, 0)
                     push_unit: (207, 0, 0)
     px_abs_benefit_percentile: 0
         px_benefit_percentile: 0
                     rand_seed: 0
         small_norm_percentile: 20.0
          small_val_percentile: 0
                      start_at: mean_plus_rand


FindResults:
                       best_ii: 331
                      best_obj: 16.7493
                       best_xx: (3, 224, 224) array [0.0284485914256, -0.0698799730285, ...]
                          dist: [1.02043931465e-14, 2402.61797737, ..., 4607.59978184, 4607.53670279]
                        idxmax: [(157, 12, 1), (157, 12, 1), ..., (207, 1, 1), (207, 1, 1)]
                            ii: [0, 1, ..., 748, 749]
                         ismax: [False, False, ..., False, False]
                       last_ii: 749
                      last_obj: 13.8448
                       last_xx: (3, 224, 224) array [0.00180635876835, 0.0382176557566, ...]
                  majority_obj: None
                   majority_xx: None
                   meta_result: Metaresult: majority failure
                          norm: [20.5668045944, 2884.55000276, ..., 80.6944373872, 77.0402777993]
                           obj: [0.0, 0.62539, ..., 12.9526, 13.8448]
                           std: [5.58935924311, 4.5663876299, ..., 0.207986296687, 0.198567854008]
                            x0: (3, 1, 1) array [17.6405234597, 4.00157208367, ...]

