FindParams:
                    blur_every: 0
                   blur_radius: 0
                         decay: 0.3
                     lr_params: {'lr': 100.0}
                     lr_policy: constant
                      max_iter: 750
                  push_channel: 281
                      push_dir: 1
                    push_layer: inception_4e/3x3
                  push_spatial: (0, 0)
                     push_unit: (281, 0, 0)
     px_abs_benefit_percentile: 0
         px_benefit_percentile: 0
                     rand_seed: 0
         small_norm_percentile: 20.0
          small_val_percentile: 0
                      start_at: mean_plus_rand


FindResults:
                       best_ii: 469
                      best_obj: 11.2316
                       best_xx: (3, 224, 224) array [-0.00162510536038, -0.0704556609099, ...]
                          dist: [1.02043931465e-14, 2402.58369971, ..., 4607.14849471, 4607.24721878]
                        idxmax: [(157, 12, 1), (157, 12, 1), ..., (287, 1, 1), (287, 2, 2)]
                            ii: [0, 1, ..., 748, 749]
                         ismax: [False, False, ..., False, False]
                       last_ii: 749
                      last_obj: 5.94775
                       last_xx: (3, 224, 224) array [0.00132042891107, 0.0254089046219, ...]
                  majority_obj: None
                   majority_xx: None
                   meta_result: Metaresult: majority failure
                          norm: [20.5668045944, 2884.6196919, ..., 61.0336808191, 62.9122037356]
                           obj: [0.278629, 0.0, ..., 6.16487, 5.94775]
                           std: [5.58935924311, 4.56642120343, ..., 0.157311574466, 0.162153469058]
                            x0: (3, 1, 1) array [17.6405234597, 4.00157208367, ...]

