FindParams:
                    blur_every: 0
                   blur_radius: 0
                         decay: 0.3
                     lr_params: {'lr': 100.0}
                     lr_policy: constant
                      max_iter: 750
                  push_channel: 234
                      push_dir: 1
                    push_layer: inception_4e/3x3
                  push_spatial: (0, 0)
                     push_unit: (234, 0, 0)
     px_abs_benefit_percentile: 0
         px_benefit_percentile: 0
                     rand_seed: 0
         small_norm_percentile: 20.0
          small_val_percentile: 0
                      start_at: mean_plus_rand


FindResults:
                       best_ii: 91
                      best_obj: 3.30831
                       best_xx: (3, 224, 224) array [-0.0110737358444, -0.0279084282099, ...]
                          dist: [1.02043931465e-14, 2402.60575646, ..., 4607.10844914, 4607.08151739]
                        idxmax: [(157, 12, 1), (157, 12, 1), ..., (268, 1, 1), (287, 2, 1)]
                            ii: [0, 1, ..., 748, 749]
                         ismax: [False, False, ..., False, False]
                       last_ii: 749
                      last_obj: 2.29055
                       last_xx: (3, 224, 224) array [-0.00230255377346, -0.0149637955361, ...]
                  majority_obj: None
                   majority_xx: None
                   meta_result: Metaresult: majority failure
                          norm: [20.5668045944, 2884.5760297, ..., 41.8384747818, 34.6433108362]
                           obj: [0.0, 0.0, ..., 1.79244, 2.29055]
                           std: [5.58935924311, 4.56637908552, ..., 0.107836803909, 0.0892916287224]
                            x0: (3, 1, 1) array [17.6405234597, 4.00157208367, ...]

