FindParams:
                    blur_every: 0
                   blur_radius: 0
                         decay: 0.3
                     lr_params: {'lr': 100.0}
                     lr_policy: constant
                      max_iter: 750
                  push_channel: 204
                      push_dir: 1
                    push_layer: inception_4e/3x3
                  push_spatial: (0, 0)
                     push_unit: (204, 0, 0)
     px_abs_benefit_percentile: 0
         px_benefit_percentile: 0
                     rand_seed: 0
         small_norm_percentile: 20.0
          small_val_percentile: 0
                      start_at: mean_plus_rand


FindResults:
                       best_ii: 437
                      best_obj: 11.3753
                       best_xx: (3, 224, 224) array [0.0152567741706, 0.0302257637988, ...]
                          dist: [1.02043931465e-14, 2402.60821451, ..., 4607.48504892, 4607.35913559]
                        idxmax: [(157, 12, 1), (157, 12, 1), ..., (204, 1, 1), (30, 2, 1)]
                            ii: [0, 1, ..., 748, 749]
                         ismax: [False, False, ..., False, False]
                       last_ii: 749
                      last_obj: 9.3745
                       last_xx: (3, 224, 224) array [-0.00499068823684, -0.0931195890421, ...]
                  majority_obj: None
                   majority_xx: None
                   meta_result: Metaresult: majority failure
                          norm: [20.5668045944, 2884.57013257, ..., 84.3773663094, 76.6670508317]
                           obj: [0.0, 0.914457, ..., 10.1838, 9.3745]
                           std: [5.58935924311, 4.56639018857, ..., 0.217478994777, 0.197605970923]
                            x0: (3, 1, 1) array [17.6405234597, 4.00157208367, ...]

