FindParams:
                    blur_every: 0
                   blur_radius: 0
                         decay: 0.3
                     lr_params: {'lr': 100.0}
                     lr_policy: constant
                      max_iter: 750
                  push_channel: 295
                      push_dir: 1
                    push_layer: inception_4e/3x3
                  push_spatial: (0, 0)
                     push_unit: (295, 0, 0)
     px_abs_benefit_percentile: 0
         px_benefit_percentile: 0
                     rand_seed: 0
         small_norm_percentile: 20.0
          small_val_percentile: 0
                      start_at: mean_plus_rand


FindResults:
                       best_ii: 648
                      best_obj: 29.2927
                       best_xx: (3, 224, 224) array [-0.0182102875949, -0.0870347028953, ...]
                          dist: [1.02043931465e-14, 2402.57433216, ..., 4608.08962068, 4607.87767253]
                        idxmax: [(157, 12, 1), (268, 9, 1), ..., (295, 0, 1), (295, 0, 1)]
                            ii: [0, 1, ..., 748, 749]
                         ismax: [False, False, ..., False, False]
                       last_ii: 749
                      last_obj: 16.7767
                       last_xx: (3, 224, 224) array [0.0292075994777, -0.107176095765, ...]
                  majority_obj: None
                   majority_xx: None
                   meta_result: Metaresult: majority failure
                          norm: [20.5668045944, 2884.63922286, ..., 105.262512811, 97.2207818167]
                           obj: [0.0, 0.0, ..., 24.0732, 16.7767]
                           std: [5.58935924311, 4.56642793985, ..., 0.271309528436, 0.250582332669]
                            x0: (3, 1, 1) array [17.6405234597, 4.00157208367, ...]

