FindParams:
                    blur_every: 0
                   blur_radius: 0
                         decay: 0.3
                     lr_params: {'lr': 100.0}
                     lr_policy: constant
                      max_iter: 750
                  push_channel: 187
                      push_dir: 1
                    push_layer: inception_4e/3x3
                  push_spatial: (0, 0)
                     push_unit: (187, 0, 0)
     px_abs_benefit_percentile: 0
         px_benefit_percentile: 0
                     rand_seed: 0
         small_norm_percentile: 20.0
          small_val_percentile: 0
                      start_at: mean_plus_rand


FindResults:
                       best_ii: 608
                      best_obj: 10.893
                       best_xx: (3, 224, 224) array [-0.0359763839946, -0.0743034506475, ...]
                          dist: [1.02043931465e-14, 2402.61239159, ..., 4607.10888596, 4606.99907811]
                        idxmax: [(157, 12, 1), (157, 12, 1), ..., (150, 1, 1), (150, 1, 1)]
                            ii: [0, 1, ..., 748, 749]
                         ismax: [False, False, ..., False, False]
                       last_ii: 749
                      last_obj: 9.73701
                       last_xx: (3, 224, 224) array [-0.03049240114, 0.0399745743986, ...]
                  majority_obj: None
                   majority_xx: None
                   meta_result: Metaresult: majority failure
                          norm: [20.5668045944, 2884.56072763, ..., 58.8039173808, 57.7027423725]
                           obj: [0.440585, 1.90559, ..., 9.61994, 9.73701]
                           std: [5.58935924311, 4.56641006026, ..., 0.15156454254, 0.148726308427]
                            x0: (3, 1, 1) array [17.6405234597, 4.00157208367, ...]

