FindParams:
                    blur_every: 0
                   blur_radius: 0
                         decay: 0.3
                     lr_params: {'lr': 100.0}
                     lr_policy: constant
                      max_iter: 750
                  push_channel: 231
                      push_dir: 1
                    push_layer: inception_4e/3x3
                  push_spatial: (0, 0)
                     push_unit: (231, 0, 0)
     px_abs_benefit_percentile: 0
         px_benefit_percentile: 0
                     rand_seed: 0
         small_norm_percentile: 20.0
          small_val_percentile: 0
                      start_at: mean_plus_rand


FindResults:
                       best_ii: 1
                      best_obj: 1.51896
                       best_xx: (3, 224, 224) array [0.0, 0.0, ...]
                          dist: [1.02043931465e-14, 2402.66036358, ..., 4606.97673692, 4606.98036506]
                        idxmax: [(157, 12, 1), (157, 12, 1), ..., (268, 1, 1), (268, 1, 1)]
                            ii: [0, 1, ..., 748, 749]
                         ismax: [False, False, ..., False, False]
                       last_ii: 749
                      last_obj: 0.948023
                       last_xx: (3, 224, 224) array [0.040538924891, 0.107474218645, ...]
                  majority_obj: None
                   majority_xx: None
                   meta_result: Metaresult: majority failure
                          norm: [20.5668045944, 2884.46640711, ..., 12.2953075091, 13.357433606]
                           obj: [0.431413, 1.51896, ..., 0.964177, 0.948023]
                           std: [5.58935924311, 4.56634210847, ..., 0.0316906094663, 0.0344281960176]
                            x0: (3, 1, 1) array [17.6405234597, 4.00157208367, ...]

