FindParams:
                    blur_every: 0
                   blur_radius: 0
                         decay: 0.3
                     lr_params: {'lr': 100.0}
                     lr_policy: constant
                      max_iter: 750
                  push_channel: 276
                      push_dir: 1
                    push_layer: inception_4e/3x3
                  push_spatial: (0, 0)
                     push_unit: (276, 0, 0)
     px_abs_benefit_percentile: 0
         px_benefit_percentile: 0
                     rand_seed: 0
         small_norm_percentile: 20.0
          small_val_percentile: 0
                      start_at: mean_plus_rand


FindResults:
                       best_ii: 548
                      best_obj: 4.89691
                       best_xx: (3, 224, 224) array [0.0211615844315, -0.00165724658757, ...]
                          dist: [1.02043931465e-14, 2402.58738927, ..., 4606.986627, 4607.08121107]
                        idxmax: [(157, 12, 1), (157, 12, 1), ..., (268, 1, 1), (268, 1, 1)]
                            ii: [0, 1, ..., 748, 749]
                         ismax: [False, False, ..., False, False]
                       last_ii: 749
                      last_obj: 3.80509
                       last_xx: (3, 224, 224) array [0.038151605658, 0.0327695275673, ...]
                  majority_obj: None
                   majority_xx: None
                   meta_result: Metaresult: majority failure
                          norm: [20.5668045944, 2884.61060671, ..., 31.3029216518, 38.7739888054]
                           obj: [1.01552, 1.75916, ..., 3.92395, 3.80509]
                           std: [5.58935924311, 4.56642804351, ..., 0.0806819070756, 0.0999382656146]
                            x0: (3, 1, 1) array [17.6405234597, 4.00157208367, ...]

