FindParams:
                    blur_every: 0
                   blur_radius: 0
                         decay: 0.3
                     lr_params: {'lr': 100.0}
                     lr_policy: constant
                      max_iter: 750
                  push_channel: 294
                      push_dir: 1
                    push_layer: inception_4e/3x3
                  push_spatial: (0, 0)
                     push_unit: (294, 0, 0)
     px_abs_benefit_percentile: 0
         px_benefit_percentile: 0
                     rand_seed: 0
         small_norm_percentile: 20.0
          small_val_percentile: 0
                      start_at: mean_plus_rand


FindResults:
                       best_ii: 561
                      best_obj: 11.3022
                       best_xx: (3, 224, 224) array [0.00718028314957, -0.0687689778595, ...]
                          dist: [1.02043931465e-14, 2402.6011398, ..., 4607.3941356, 4607.31573906]
                        idxmax: [(157, 12, 1), (157, 12, 1), ..., (30, 1, 1), (30, 1, 1)]
                            ii: [0, 1, ..., 748, 749]
                         ismax: [False, False, ..., False, False]
                       last_ii: 749
                      last_obj: 6.74361
                       last_xx: (3, 224, 224) array [-0.0823890070893, -0.0395263538206, ...]
                  majority_obj: None
                   majority_xx: None
                   meta_result: Metaresult: majority failure
                          norm: [20.5668045944, 2884.58406979, ..., 79.5767896126, 71.0312853511]
                           obj: [0.0, 0.0, ..., 6.13009, 6.74361]
                           std: [5.58935924311, 4.56640165087, ..., 0.205105554166, 0.183079945552]
                            x0: (3, 1, 1) array [17.6405234597, 4.00157208367, ...]

