FindParams:
                    blur_every: 0
                   blur_radius: 0
                         decay: 0.3
                     lr_params: {'lr': 100.0}
                     lr_policy: constant
                      max_iter: 750
                  push_channel: 244
                      push_dir: 1
                    push_layer: inception_4e/3x3
                  push_spatial: (0, 0)
                     push_unit: (244, 0, 0)
     px_abs_benefit_percentile: 0
         px_benefit_percentile: 0
                     rand_seed: 0
         small_norm_percentile: 20.0
          small_val_percentile: 0
                      start_at: mean_plus_rand


FindResults:
                       best_ii: 594
                      best_obj: 26.1798
                       best_xx: (3, 224, 224) array [0.019842668305, -0.0289978326184, ...]
                          dist: [1.02043931465e-14, 2402.60696024, ..., 4607.77019754, 4608.14235779]
                        idxmax: [(157, 12, 1), (157, 12, 1), ..., (244, 1, 1), (244, 1, 1)]
                            ii: [0, 1, ..., 748, 749]
                         ismax: [False, False, ..., False, False]
                       last_ii: 749
                      last_obj: 21.9484
                       last_xx: (3, 224, 224) array [0.0176392675522, 0.0508899951507, ...]
                  majority_obj: None
                   majority_xx: None
                   meta_result: Metaresult: majority failure
                          norm: [20.5668045944, 2884.57209134, ..., 118.281780665, 122.317468382]
                           obj: [0.0, 0.0, ..., 11.7397, 21.9484]
                           std: [5.58935924311, 4.56641942273, ..., 0.30486602411, 0.315267959029]
                            x0: (3, 1, 1) array [17.6405234597, 4.00157208367, ...]

