FindParams:
                    blur_every: 0
                   blur_radius: 0
                         decay: 0.3
                     lr_params: {'lr': 100.0}
                     lr_policy: constant
                      max_iter: 750
                  push_channel: 293
                      push_dir: 1
                    push_layer: inception_4e/3x3
                  push_spatial: (0, 0)
                     push_unit: (293, 0, 0)
     px_abs_benefit_percentile: 0
         px_benefit_percentile: 0
                     rand_seed: 0
         small_norm_percentile: 20.0
          small_val_percentile: 0
                      start_at: mean_plus_rand


FindResults:
                       best_ii: 405
                      best_obj: 18.5738
                       best_xx: (3, 224, 224) array [-0.0141430183848, 0.0130152661968, ...]
                          dist: [1.02043931465e-14, 2402.56926075, ..., 4607.30197465, 4607.9501189]
                        idxmax: [(157, 12, 1), (157, 12, 1), ..., (293, 1, 1), (293, 1, 1)]
                            ii: [0, 1, ..., 748, 749]
                         ismax: [False, False, ..., False, False]
                       last_ii: 749
                      last_obj: 12.7323
                       last_xx: (3, 224, 224) array [-0.0277823092917, 0.0176081866796, ...]
                  majority_obj: None
                   majority_xx: None
                   meta_result: Metaresult: majority failure
                          norm: [20.5668045944, 2884.64771032, ..., 72.6264093215, 102.079260293]
                           obj: [0.905858, 6.05029, ..., 12.9473, 12.7323]
                           std: [5.58935924311, 4.56642914291, ..., 0.187191401965, 0.263104851636]
                            x0: (3, 1, 1) array [17.6405234597, 4.00157208367, ...]

