FindParams:
                    blur_every: 0
                   blur_radius: 0
                         decay: 0.3
                     lr_params: {'lr': 100.0}
                     lr_policy: constant
                      max_iter: 750
                  push_channel: 264
                      push_dir: 1
                    push_layer: inception_4e/3x3
                  push_spatial: (0, 0)
                     push_unit: (264, 0, 0)
     px_abs_benefit_percentile: 0
         px_benefit_percentile: 0
                     rand_seed: 0
         small_norm_percentile: 20.0
          small_val_percentile: 0
                      start_at: mean_plus_rand


FindResults:
                       best_ii: 700
                      best_obj: 22.8406
                       best_xx: (3, 224, 224) array [-0.008274016462, -0.0505666063306, ...]
                          dist: [1.02043931465e-14, 2402.5829234, ..., 4607.49482282, 4607.54574997]
                        idxmax: [(157, 12, 1), (157, 12, 1), ..., (264, 1, 1), (264, 1, 1)]
                            ii: [0, 1, ..., 748, 749]
                         ismax: [False, False, ..., False, False]
                       last_ii: 749
                      last_obj: 19.4963
                       last_xx: (3, 224, 224) array [-0.0288532453383, -0.0689117953338, ...]
                  majority_obj: None
                   majority_xx: None
                   meta_result: Metaresult: majority failure
                          norm: [20.5668045944, 2884.62281178, ..., 83.3325050685, 86.144123919]
                           obj: [0.0, 0.0, ..., 19.7984, 19.4963]
                           std: [5.58935924311, 4.56640198147, ..., 0.214785897487, 0.222032657428]
                            x0: (3, 1, 1) array [17.6405234597, 4.00157208367, ...]

