FindParams:
                    blur_every: 0
                   blur_radius: 0
                         decay: 0.3
                     lr_params: {'lr': 100.0}
                     lr_policy: constant
                      max_iter: 750
                  push_channel: 188
                      push_dir: 1
                    push_layer: inception_4e/3x3
                  push_spatial: (0, 0)
                     push_unit: (188, 0, 0)
     px_abs_benefit_percentile: 0
         px_benefit_percentile: 0
                     rand_seed: 0
         small_norm_percentile: 20.0
          small_val_percentile: 0
                      start_at: mean_plus_rand


FindResults:
                       best_ii: 680
                      best_obj: 7.48757
                       best_xx: (3, 224, 224) array [0.054020419716, 0.040621839, ...]
                          dist: [1.02043931465e-14, 2402.65095332, ..., 4607.30780508, 4607.25838093]
                        idxmax: [(157, 12, 1), (157, 12, 1), ..., (176, 0, 1), (176, 0, 1)]
                            ii: [0, 1, ..., 748, 749]
                         ismax: [False, False, ..., False, False]
                       last_ii: 749
                      last_obj: 6.11204
                       last_xx: (3, 224, 224) array [0.0300179265518, 0.055338806924, ...]
                  majority_obj: None
                   majority_xx: None
                   meta_result: Metaresult: majority failure
                          norm: [20.5668045944, 2884.48494684, ..., 55.9972311005, 55.0844077533]
                           obj: [0.0, 0.0, ..., 5.55133, 6.11204]
                           std: [5.58935924311, 4.56634865398, ..., 0.144330333158, 0.14197762427]
                            x0: (3, 1, 1) array [17.6405234597, 4.00157208367, ...]

