FindParams:
                    blur_every: 0
                   blur_radius: 0
                         decay: 0.3
                     lr_params: {'lr': 100.0}
                     lr_policy: constant
                      max_iter: 750
                  push_channel: 216
                      push_dir: 1
                    push_layer: inception_4e/3x3
                  push_spatial: (0, 0)
                     push_unit: (216, 0, 0)
     px_abs_benefit_percentile: 0
         px_benefit_percentile: 0
                     rand_seed: 0
         small_norm_percentile: 20.0
          small_val_percentile: 0
                      start_at: mean_plus_rand


FindResults:
                       best_ii: 431
                      best_obj: 9.60605
                       best_xx: (3, 224, 224) array [0.00699538907088, -0.00729061662138, ...]
                          dist: [1.02043931465e-14, 2402.58018983, ..., 4607.01921278, 4606.97808657]
                        idxmax: [(157, 12, 1), (157, 12, 1), ..., (182, 1, 1), (167, 1, 1)]
                            ii: [0, 1, ..., 748, 749]
                         ismax: [False, False, ..., False, False]
                       last_ii: 749
                      last_obj: 8.81279
                       last_xx: (3, 224, 224) array [0.0287790995046, 0.00147306453023, ...]
                  majority_obj: None
                   majority_xx: None
                   meta_result: Metaresult: majority failure
                          norm: [20.5668045944, 2884.62456542, ..., 51.3487735955, 50.4794535948]
                           obj: [0.865787, 0.0, ..., 8.24275, 8.81279]
                           std: [5.58935924311, 4.5664503649, ..., 0.132349119139, 0.13010853167]
                            x0: (3, 1, 1) array [17.6405234597, 4.00157208367, ...]

