FindParams:
                    blur_every: 0
                   blur_radius: 0
                         decay: 0.3
                     lr_params: {'lr': 100.0}
                     lr_policy: constant
                      max_iter: 750
                  push_channel: 240
                      push_dir: 1
                    push_layer: inception_4e/3x3
                  push_spatial: (0, 0)
                     push_unit: (240, 0, 0)
     px_abs_benefit_percentile: 0
         px_benefit_percentile: 0
                     rand_seed: 0
         small_norm_percentile: 20.0
          small_val_percentile: 0
                      start_at: mean_plus_rand


FindResults:
                       best_ii: 377
                      best_obj: 9.96388
                       best_xx: (3, 224, 224) array [-0.0134902615319, -0.0063139134121, ...]
                          dist: [1.02043931465e-14, 2402.57744162, ..., 4607.26367161, 4607.21153345]
                        idxmax: [(157, 12, 1), (157, 12, 1), ..., (240, 1, 1), (240, 1, 1)]
                            ii: [0, 1, ..., 748, 749]
                         ismax: [False, False, ..., False, False]
                       last_ii: 749
                      last_obj: 8.42145
                       last_xx: (3, 224, 224) array [-0.055773172275, -0.101511374109, ...]
                  majority_obj: None
                   majority_xx: None
                   meta_result: Metaresult: majority failure
                          norm: [20.5668045944, 2884.63281787, ..., 62.6869105992, 61.5947045809]
                           obj: [0.0, 2.0916, ..., 8.25748, 8.42145]
                           std: [5.58935924311, 4.56642548898, ..., 0.161572515938, 0.158757415527]
                            x0: (3, 1, 1) array [17.6405234597, 4.00157208367, ...]

