FindParams:
                    blur_every: 0
                   blur_radius: 0
                         decay: 0.3
                     lr_params: {'lr': 100.0}
                     lr_policy: constant
                      max_iter: 750
                  push_channel: 184
                      push_dir: 1
                    push_layer: inception_4e/3x3
                  push_spatial: (0, 0)
                     push_unit: (184, 0, 0)
     px_abs_benefit_percentile: 0
         px_benefit_percentile: 0
                     rand_seed: 0
         small_norm_percentile: 20.0
          small_val_percentile: 0
                      start_at: mean_plus_rand


FindResults:
                       best_ii: 663
                      best_obj: 13.6358
                       best_xx: (3, 224, 224) array [-0.02571366179, 0.0742328502355, ...]
                          dist: [1.02043931465e-14, 2402.60149056, ..., 4607.40688668, 4607.43388305]
                        idxmax: [(157, 12, 1), (157, 12, 1), ..., (184, 1, 1), (287, 1, 1)]
                            ii: [0, 1, ..., 748, 749]
                         ismax: [False, False, ..., False, False]
                       last_ii: 749
                      last_obj: 9.8556
                       last_xx: (3, 224, 224) array [-0.0155067289563, 0.0588293635102, ...]
                  majority_obj: None
                   majority_xx: None
                   meta_result: Metaresult: majority failure
                          norm: [20.5668045944, 2884.58390037, ..., 78.0435599314, 79.3354315271]
                           obj: [0.0, 0.0, ..., 11.4409, 9.8556]
                           std: [5.58935924311, 4.56640827285, ..., 0.201153881869, 0.204483614636]
                            x0: (3, 1, 1) array [17.6405234597, 4.00157208367, ...]

