FindParams:
                    blur_every: 0
                   blur_radius: 0
                         decay: 0.3
                     lr_params: {'lr': 100.0}
                     lr_policy: constant
                      max_iter: 750
                  push_channel: 239
                      push_dir: 1
                    push_layer: inception_4e/3x3
                  push_spatial: (0, 0)
                     push_unit: (239, 0, 0)
     px_abs_benefit_percentile: 0
         px_benefit_percentile: 0
                     rand_seed: 0
         small_norm_percentile: 20.0
          small_val_percentile: 0
                      start_at: mean_plus_rand


FindResults:
                       best_ii: 664
                      best_obj: 9.30452
                       best_xx: (3, 224, 224) array [0.00105509218707, 0.0240776986949, ...]
                          dist: [1.02043931465e-14, 2402.62744345, ..., 4607.07121571, 4607.0255323]
                        idxmax: [(157, 12, 1), (268, 9, 1), ..., (153, 1, 1), (182, 1, 1)]
                            ii: [0, 1, ..., 748, 749]
                         ismax: [False, False, ..., False, False]
                       last_ii: 749
                      last_obj: 7.96655
                       last_xx: (3, 224, 224) array [-0.00141966745119, 0.0122569325444, ...]
                  majority_obj: None
                   majority_xx: None
                   meta_result: Metaresult: majority failure
                          norm: [20.5668045944, 2884.53189768, ..., 57.5255800794, 54.3341137306]
                           obj: [0.0, 0.0, ..., 8.7628, 7.96655]
                           std: [5.58935924311, 4.56636484196, ..., 0.148269682439, 0.140043817599]
                            x0: (3, 1, 1) array [17.6405234597, 4.00157208367, ...]

