FindParams:
                    blur_every: 0
                   blur_radius: 0
                         decay: 0.3
                     lr_params: {'lr': 100.0}
                     lr_policy: constant
                      max_iter: 750
                  push_channel: 190
                      push_dir: 1
                    push_layer: inception_4e/3x3
                  push_spatial: (0, 0)
                     push_unit: (190, 0, 0)
     px_abs_benefit_percentile: 0
         px_benefit_percentile: 0
                     rand_seed: 0
         small_norm_percentile: 20.0
          small_val_percentile: 0
                      start_at: mean_plus_rand


FindResults:
                       best_ii: 687
                      best_obj: 17.3064
                       best_xx: (3, 224, 224) array [-0.00317927407001, -0.00722302087097, ...]
                          dist: [1.02043931465e-14, 2402.60474362, ..., 4607.44527578, 4607.92911232]
                        idxmax: [(157, 12, 1), (157, 12, 1), ..., (190, 1, 1), (190, 1, 1)]
                            ii: [0, 1, ..., 748, 749]
                         ismax: [False, False, ..., False, False]
                       last_ii: 749
                      last_obj: 12.0087
                       last_xx: (3, 224, 224) array [0.0162094006333, -0.0291488639212, ...]
                  majority_obj: None
                   majority_xx: None
                   meta_result: Metaresult: majority failure
                          norm: [20.5668045944, 2884.5763535, ..., 77.9643618034, 102.3639393]
                           obj: [0.0, 1.44434, ..., 13.7857, 12.0087]
                           std: [5.58935924311, 4.56642164493, ..., 0.200949571166, 0.263838544224]
                            x0: (3, 1, 1) array [17.6405234597, 4.00157208367, ...]

