FindParams:
                    blur_every: 0
                   blur_radius: 0
                         decay: 0.3
                     lr_params: {'lr': 100.0}
                     lr_policy: constant
                      max_iter: 750
                  push_channel: 173
                      push_dir: 1
                    push_layer: inception_4e/3x3
                  push_spatial: (0, 0)
                     push_unit: (173, 0, 0)
     px_abs_benefit_percentile: 0
         px_benefit_percentile: 0
                     rand_seed: 0
         small_norm_percentile: 20.0
          small_val_percentile: 0
                      start_at: mean_plus_rand


FindResults:
                       best_ii: 513
                      best_obj: 12.3105
                       best_xx: (3, 224, 224) array [-0.0582416282172, -0.0524700920677, ...]
                          dist: [1.02043931465e-14, 2402.6246334, ..., 4607.82285519, 4607.55824135]
                        idxmax: [(157, 12, 1), (157, 12, 1), ..., (284, 1, 1), (287, 1, 1)]
                            ii: [0, 1, ..., 748, 749]
                         ismax: [False, False, ..., False, False]
                       last_ii: 749
                      last_obj: 10.2114
                       last_xx: (3, 224, 224) array [0.00507159490476, -0.00444726291393, ...]
                  majority_obj: None
                   majority_xx: None
                   meta_result: Metaresult: majority failure
                          norm: [20.5668045944, 2884.53680411, ..., 86.5207909763, 75.6721520527]
                           obj: [0.0, 0.0, ..., 9.45924, 10.2114]
                           std: [5.58935924311, 4.56639412201, ..., 0.22300343415, 0.195041565886]
                            x0: (3, 1, 1) array [17.6405234597, 4.00157208367, ...]

