FindParams:
                    blur_every: 0
                   blur_radius: 0
                         decay: 0.3
                     lr_params: {'lr': 100.0}
                     lr_policy: constant
                      max_iter: 750
                  push_channel: 252
                      push_dir: 1
                    push_layer: inception_4e/3x3
                  push_spatial: (0, 0)
                     push_unit: (252, 0, 0)
     px_abs_benefit_percentile: 0
         px_benefit_percentile: 0
                     rand_seed: 0
         small_norm_percentile: 20.0
          small_val_percentile: 0
                      start_at: mean_plus_rand


FindResults:
                       best_ii: 576
                      best_obj: 23.4153
                       best_xx: (3, 224, 224) array [-0.0473346919212, -0.0468955401314, ...]
                          dist: [1.02043931465e-14, 2402.60485517, ..., 4608.22021729, 4608.01857079]
                        idxmax: [(157, 12, 1), (157, 12, 1), ..., (252, 1, 1), (252, 1, 1)]
                            ii: [0, 1, ..., 748, 749]
                         ismax: [False, False, ..., False, False]
                       last_ii: 749
                      last_obj: 19.6553
                       last_xx: (3, 224, 224) array [-0.00371305511715, 0.0011002348628, ...]
                  majority_obj: None
                   majority_xx: None
                   meta_result: Metaresult: majority failure
                          norm: [20.5668045944, 2884.57894885, ..., 115.459046206, 105.826898985]
                           obj: [0.0, 0.0, ..., 14.4639, 19.6553]
                           std: [5.58935924311, 4.56638532821, ..., 0.297590647368, 0.272764198527]
                            x0: (3, 1, 1) array [17.6405234597, 4.00157208367, ...]

