FindParams:
                    blur_every: 0
                   blur_radius: 0
                         decay: 0.3
                     lr_params: {'lr': 100.0}
                     lr_policy: constant
                      max_iter: 750
                  push_channel: 279
                      push_dir: 1
                    push_layer: inception_4e/3x3
                  push_spatial: (0, 0)
                     push_unit: (279, 0, 0)
     px_abs_benefit_percentile: 0
         px_benefit_percentile: 0
                     rand_seed: 0
         small_norm_percentile: 20.0
          small_val_percentile: 0
                      start_at: mean_plus_rand


FindResults:
                       best_ii: 403
                      best_obj: 4.26856
                       best_xx: (3, 224, 224) array [0.0150568882044, -0.0101610211673, ...]
                          dist: [1.02043931465e-14, 2402.61998448, ..., 4607.09109684, 4607.05467667]
                        idxmax: [(157, 12, 1), (136, 1, 1), ..., (206, 1, 1), (206, 1, 1)]
                            ii: [0, 1, ..., 748, 749]
                         ismax: [False, False, ..., False, False]
                       last_ii: 749
                      last_obj: 4.2156
                       last_xx: (3, 224, 224) array [0.0430006180978, 0.0680155093866, ...]
                  majority_obj: None
                   majority_xx: None
                   meta_result: Metaresult: majority failure
                          norm: [20.5668045944, 2884.54666952, ..., 30.938030993, 27.0393751566]
                           obj: [0.0, 0.0, ..., 4.06857, 4.2156]
                           std: [5.58935924311, 4.56637465259, ..., 0.0797411255221, 0.0696925766606]
                            x0: (3, 1, 1) array [17.6405234597, 4.00157208367, ...]

