FindParams:
                    blur_every: 0
                   blur_radius: 0
                         decay: 0.3
                     lr_params: {'lr': 100.0}
                     lr_policy: constant
                      max_iter: 750
                  push_channel: 288
                      push_dir: 1
                    push_layer: inception_4e/3x3
                  push_spatial: (0, 0)
                     push_unit: (288, 0, 0)
     px_abs_benefit_percentile: 0
         px_benefit_percentile: 0
                     rand_seed: 0
         small_norm_percentile: 20.0
          small_val_percentile: 0
                      start_at: mean_plus_rand


FindResults:
                       best_ii: 719
                      best_obj: 13.6896
                       best_xx: (3, 224, 224) array [0.0492680054934, -0.0237619575272, ...]
                          dist: [1.02043931465e-14, 2402.5879931, ..., 4607.92551492, 4607.61070715]
                        idxmax: [(157, 12, 1), (157, 12, 1), ..., (288, 1, 1), (288, 1, 1)]
                            ii: [0, 1, ..., 748, 749]
                         ismax: [False, False, ..., False, False]
                       last_ii: 749
                      last_obj: 13.2836
                       last_xx: (3, 224, 224) array [0.0207149905317, 0.0769764181581, ...]
                  majority_obj: None
                   majority_xx: None
                   meta_result: Metaresult: majority failure
                          norm: [20.5668045944, 2884.60993358, ..., 102.847588504, 87.3418994637]
                           obj: [0.0, 3.53304, ..., 10.459, 13.2836]
                           std: [5.58935924311, 4.56642757655, ..., 0.265085183451, 0.225119946344]
                            x0: (3, 1, 1) array [17.6405234597, 4.00157208367, ...]

