FindParams:
                    blur_every: 0
                   blur_radius: 0
                         decay: 0.3
                     lr_params: {'lr': 100.0}
                     lr_policy: constant
                      max_iter: 750
                  push_channel: 222
                      push_dir: 1
                    push_layer: inception_4e/3x3
                  push_spatial: (0, 0)
                     push_unit: (222, 0, 0)
     px_abs_benefit_percentile: 0
         px_benefit_percentile: 0
                     rand_seed: 0
         small_norm_percentile: 20.0
          small_val_percentile: 0
                      start_at: mean_plus_rand


FindResults:
                       best_ii: 548
                      best_obj: 7.99042
                       best_xx: (3, 224, 224) array [-0.000215598105527, -0.0177665582099, ...]
                          dist: [1.02043931465e-14, 2402.63165481, ..., 4607.02554317, 4607.07712768]
                        idxmax: [(157, 12, 1), (157, 12, 1), ..., (19, 2, 1), (19, 1, 1)]
                            ii: [0, 1, ..., 748, 749]
                         ismax: [False, False, ..., False, False]
                       last_ii: 749
                      last_obj: 6.35793
                       last_xx: (3, 224, 224) array [-0.0215115034031, -0.0364963418287, ...]
                  majority_obj: None
                   majority_xx: None
                   meta_result: Metaresult: majority failure
                          norm: [20.5668045944, 2884.52278697, ..., 48.304126133, 50.3499630788]
                           obj: [0.0, 0.0, ..., 7.165, 6.35793]
                           std: [5.58935924311, 4.56637379092, ..., 0.124501528743, 0.12977468621]
                            x0: (3, 1, 1) array [17.6405234597, 4.00157208367, ...]

