FindParams:
                    blur_every: 0
                   blur_radius: 0
                         decay: 0.3
                     lr_params: {'lr': 100.0}
                     lr_policy: constant
                      max_iter: 750
                  push_channel: 169
                      push_dir: 1
                    push_layer: inception_4e/3x3
                  push_spatial: (0, 0)
                     push_unit: (169, 0, 0)
     px_abs_benefit_percentile: 0
         px_benefit_percentile: 0
                     rand_seed: 0
         small_norm_percentile: 20.0
          small_val_percentile: 0
                      start_at: mean_plus_rand


FindResults:
                       best_ii: 682
                      best_obj: 1.52848
                       best_xx: (3, 224, 224) array [-0.0436907559882, -0.0683665644901, ...]
                          dist: [1.02043931465e-14, 2402.62958281, ..., 4607.02519875, 4607.02004413]
                        idxmax: [(157, 12, 1), (157, 12, 1), ..., (287, 1, 1), (287, 1, 1)]
                            ii: [0, 1, ..., 748, 749]
                         ismax: [False, False, ..., False, False]
                       last_ii: 749
                      last_obj: 1.05912
                       last_xx: (3, 224, 224) array [0.0492092916448, 0.0233329587154, ...]
                  majority_obj: None
                   majority_xx: None
                   meta_result: Metaresult: majority failure
                          norm: [20.5668045944, 2884.52702214, ..., 31.2671854157, 31.0901028955]
                           obj: [0.0, 0.0, ..., 1.00728, 1.05912]
                           std: [5.58935924311, 4.56638164155, ..., 0.0805897985526, 0.0801333689884]
                            x0: (3, 1, 1) array [17.6405234597, 4.00157208367, ...]

