FindParams:
                    blur_every: 0
                   blur_radius: 0
                         decay: 0.3
                     lr_params: {'lr': 100.0}
                     lr_policy: constant
                      max_iter: 750
                  push_channel: 247
                      push_dir: 1
                    push_layer: inception_4e/3x3
                  push_spatial: (0, 0)
                     push_unit: (247, 0, 0)
     px_abs_benefit_percentile: 0
         px_benefit_percentile: 0
                     rand_seed: 0
         small_norm_percentile: 20.0
          small_val_percentile: 0
                      start_at: mean_plus_rand


FindResults:
                       best_ii: 292
                      best_obj: 18.015
                       best_xx: (3, 224, 224) array [0.0926260964293, 0.00143479860354, ...]
                          dist: [1.02043931465e-14, 2402.57916441, ..., 4607.4270699, 4607.49256267]
                        idxmax: [(157, 12, 1), (157, 12, 1), ..., (61, 1, 1), (247, 1, 1)]
                            ii: [0, 1, ..., 748, 749]
                         ismax: [False, False, ..., False, False]
                       last_ii: 749
                      last_obj: 14.7624
                       last_xx: (3, 224, 224) array [0.0400521172856, 0.0203832826469, ...]
                  majority_obj: None
                   majority_xx: None
                   meta_result: Metaresult: majority failure
                          norm: [20.5668045944, 2884.62845715, ..., 87.2303419588, 87.5784898376]
                           obj: [0.0, 0.0, ..., 14.7889, 14.7624]
                           std: [5.58935924311, 4.56642832095, ..., 0.224832413464, 0.225729742197]
                            x0: (3, 1, 1) array [17.6405234597, 4.00157208367, ...]

