FindParams:
                    blur_every: 0
                   blur_radius: 0
                         decay: 0.3
                     lr_params: {'lr': 100.0}
                     lr_policy: constant
                      max_iter: 750
                  push_channel: 270
                      push_dir: 1
                    push_layer: inception_4e/3x3
                  push_spatial: (0, 0)
                     push_unit: (270, 0, 0)
     px_abs_benefit_percentile: 0
         px_benefit_percentile: 0
                     rand_seed: 0
         small_norm_percentile: 20.0
          small_val_percentile: 0
                      start_at: mean_plus_rand


FindResults:
                       best_ii: 741
                      best_obj: 7.68572
                       best_xx: (3, 224, 224) array [0.00560345675702, 0.00537774507957, ...]
                          dist: [1.02043931465e-14, 2402.61648359, ..., 4607.20060706, 4607.22170788]
                        idxmax: [(157, 12, 1), (157, 12, 1), ..., (118, 1, 1), (167, 1, 1)]
                            ii: [0, 1, ..., 748, 749]
                         ismax: [False, False, ..., False, False]
                       last_ii: 749
                      last_obj: 4.27245
                       last_xx: (3, 224, 224) array [0.00423563680795, -0.0154171641535, ...]
                  majority_obj: None
                   majority_xx: None
                   meta_result: Metaresult: majority failure
                          norm: [20.5668045944, 2884.55301919, ..., 72.6661743569, 78.9975081002]
                           obj: [0.0, 0.0, ..., 4.52404, 4.27245]
                           std: [5.58935924311, 4.56638895735, ..., 0.187293728052, 0.203612385435]
                            x0: (3, 1, 1) array [17.6405234597, 4.00157208367, ...]

