FindParams:
                    blur_every: 0
                   blur_radius: 0
                         decay: 0.3
                     lr_params: {'lr': 100.0}
                     lr_policy: constant
                      max_iter: 750
                  push_channel: 286
                      push_dir: 1
                    push_layer: inception_4e/3x3
                  push_spatial: (0, 0)
                     push_unit: (286, 0, 0)
     px_abs_benefit_percentile: 0
         px_benefit_percentile: 0
                     rand_seed: 0
         small_norm_percentile: 20.0
          small_val_percentile: 0
                      start_at: mean_plus_rand


FindResults:
                       best_ii: 429
                      best_obj: 3.6272
                       best_xx: (3, 224, 224) array [-0.00257339472654, 0.0212653154501, ...]
                          dist: [1.02043931465e-14, 2402.64068628, ..., 4606.9805682, 4606.98056612]
                        idxmax: [(157, 12, 1), (157, 12, 1), ..., (108, 1, 1), (108, 1, 1)]
                            ii: [0, 1, ..., 748, 749]
                         ismax: [False, False, ..., False, False]
                       last_ii: 749
                      last_obj: 3.43382
                       last_xx: (3, 224, 224) array [-0.00191700531327, -0.0126096318463, ...]
                  majority_obj: None
                   majority_xx: None
                   meta_result: Metaresult: majority failure
                          norm: [20.5668045944, 2884.50530897, ..., 19.3329146437, 20.8332440444]
                           obj: [0.144871, 0.521728, ..., 3.36776, 3.43382]
                           std: [5.58935924311, 4.56635898213, ..., 0.0498297425316, 0.053696780713]
                            x0: (3, 1, 1) array [17.6405234597, 4.00157208367, ...]

