FindParams:
                    blur_every: 0
                   blur_radius: 0
                         decay: 0.3
                     lr_params: {'lr': 100.0}
                     lr_policy: constant
                      max_iter: 750
                  push_channel: 262
                      push_dir: 1
                    push_layer: inception_4e/3x3
                  push_spatial: (0, 0)
                     push_unit: (262, 0, 0)
     px_abs_benefit_percentile: 0
         px_benefit_percentile: 0
                     rand_seed: 0
         small_norm_percentile: 20.0
          small_val_percentile: 0
                      start_at: mean_plus_rand


FindResults:
                       best_ii: 534
                      best_obj: 7.92482
                       best_xx: (3, 224, 224) array [0.0150818012597, 0.0941062811044, ...]
                          dist: [1.02043931465e-14, 2402.59725681, ..., 4607.36417745, 4607.38801894]
                        idxmax: [(157, 12, 1), (157, 12, 1), ..., (262, 1, 1), (268, 1, 5)]
                            ii: [0, 1, ..., 748, 749]
                         ismax: [False, False, ..., False, False]
                       last_ii: 749
                      last_obj: 3.57412
                       last_xx: (3, 224, 224) array [-0.022707384987, -0.0368415420973, ...]
                  majority_obj: None
                   majority_xx: None
                   meta_result: Metaresult: majority failure
                          norm: [20.5668045944, 2884.59165811, ..., 65.8485306486, 68.4457407554]
                           obj: [0.0, 0.50941, ..., 5.3539, 3.57412]
                           std: [5.58935924311, 4.56640148984, ..., 0.169721725671, 0.176415923098]
                            x0: (3, 1, 1) array [17.6405234597, 4.00157208367, ...]

