FindParams:
                    blur_every: 0
                   blur_radius: 0
                         decay: 0.3
                     lr_params: {'lr': 100.0}
                     lr_policy: constant
                      max_iter: 750
                  push_channel: 182
                      push_dir: 1
                    push_layer: inception_4e/3x3
                  push_spatial: (0, 0)
                     push_unit: (182, 0, 0)
     px_abs_benefit_percentile: 0
         px_benefit_percentile: 0
                     rand_seed: 0
         small_norm_percentile: 20.0
          small_val_percentile: 0
                      start_at: mean_plus_rand


FindResults:
                       best_ii: 689
                      best_obj: 31.3973
                       best_xx: (3, 224, 224) array [0.0213404836966, -0.0376252312253, ...]
                          dist: [1.02043931465e-14, 2402.58928729, ..., 4607.72804594, 4607.75335373]
                        idxmax: [(157, 12, 1), (268, 9, 1), ..., (182, 1, 1), (182, 1, 1)]
                            ii: [0, 1, ..., 748, 749]
                         ismax: [False, False, ..., False, False]
                       last_ii: 749
                      last_obj: 21.0101
                       last_xx: (3, 224, 224) array [0.0129619027987, -0.0388934564789, ...]
                  majority_obj: None
                   majority_xx: None
                   meta_result: Metaresult: majority failure
                          norm: [20.5668045944, 2884.6105514, ..., 94.7918056398, 98.1638859133]
                           obj: [0.0, 0.0, ..., 25.1504, 21.0101]
                           std: [5.58935924311, 4.56643495607, ..., 0.244321605559, 0.253013032768]
                            x0: (3, 1, 1) array [17.6405234597, 4.00157208367, ...]

