FindParams:
                    blur_every: 0
                   blur_radius: 0
                         decay: 0.3
                     lr_params: {'lr': 100.0}
                     lr_policy: constant
                      max_iter: 750
                  push_channel: 256
                      push_dir: 1
                    push_layer: inception_4e/3x3
                  push_spatial: (0, 0)
                     push_unit: (256, 0, 0)
     px_abs_benefit_percentile: 0
         px_benefit_percentile: 0
                     rand_seed: 0
         small_norm_percentile: 20.0
          small_val_percentile: 0
                      start_at: mean_plus_rand


FindResults:
                       best_ii: 745
                      best_obj: 10.7783
                       best_xx: (3, 224, 224) array [0.00621075829984, 0.243361182469, ...]
                          dist: [1.02043931465e-14, 2402.60351222, ..., 4607.1495015, 4607.09285185]
                        idxmax: [(157, 12, 1), (268, 9, 1), ..., (167, 1, 1), (182, 1, 1)]
                            ii: [0, 1, ..., 748, 749]
                         ismax: [False, False, ..., False, False]
                       last_ii: 749
                      last_obj: 9.69563
                       last_xx: (3, 224, 224) array [0.00955477822438, 0.148233045224, ...]
                  majority_obj: None
                   majority_xx: None
                   meta_result: Metaresult: majority failure
                          norm: [20.5668045944, 2884.57916607, ..., 66.736452267, 63.2892786747]
                           obj: [0.0, 0.0, ..., 9.17554, 9.69563]
                           std: [5.58935924311, 4.5664023625, ..., 0.172010266155, 0.163125350446]
                            x0: (3, 1, 1) array [17.6405234597, 4.00157208367, ...]

