FindParams:
                    blur_every: 0
                   blur_radius: 0
                         decay: 0.3
                     lr_params: {'lr': 100.0}
                     lr_policy: constant
                      max_iter: 750
                  push_channel: 237
                      push_dir: 1
                    push_layer: inception_4e/3x3
                  push_spatial: (0, 0)
                     push_unit: (237, 0, 0)
     px_abs_benefit_percentile: 0
         px_benefit_percentile: 0
                     rand_seed: 0
         small_norm_percentile: 20.0
          small_val_percentile: 0
                      start_at: mean_plus_rand


FindResults:
                       best_ii: 572
                      best_obj: 11.7587
                       best_xx: (3, 224, 224) array [-6.93926887578e-05, 0.0637445704756, ...]
                          dist: [1.02043931465e-14, 2402.62906559, ..., 4607.32876948, 4607.30901486]
                        idxmax: [(157, 12, 1), (157, 12, 1), ..., (287, 1, 1), (237, 1, 1)]
                            ii: [0, 1, ..., 748, 749]
                         ismax: [False, False, ..., False, False]
                       last_ii: 749
                      last_obj: 9.82698
                       last_xx: (3, 224, 224) array [0.0127036439175, -0.085127726245, ...]
                  majority_obj: None
                   majority_xx: None
                   meta_result: Metaresult: majority failure
                          norm: [20.5668045944, 2884.52803164, ..., 70.9132669794, 69.1137081234]
                           obj: [0.0, 0.0, ..., 9.46396, 9.82698]
                           std: [5.58935924311, 4.5663713942, ..., 0.182775862839, 0.17813757898]
                            x0: (3, 1, 1) array [17.6405234597, 4.00157208367, ...]

