FindParams:
                    blur_every: 0
                   blur_radius: 0
                         decay: 0.3
                     lr_params: {'lr': 100.0}
                     lr_policy: constant
                      max_iter: 750
                  push_channel: 217
                      push_dir: 1
                    push_layer: inception_4e/3x3
                  push_spatial: (0, 0)
                     push_unit: (217, 0, 0)
     px_abs_benefit_percentile: 0
         px_benefit_percentile: 0
                     rand_seed: 0
         small_norm_percentile: 20.0
          small_val_percentile: 0
                      start_at: mean_plus_rand


FindResults:
                       best_ii: 649
                      best_obj: 9.11294
                       best_xx: (3, 224, 224) array [-0.00441734538778, -0.0167305741596, ...]
                          dist: [1.02043931465e-14, 2402.62109401, ..., 4607.5473086, 4607.58846799]
                        idxmax: [(157, 12, 1), (157, 12, 1), ..., (217, 1, 1), (0, 1, 1)]
                            ii: [0, 1, ..., 748, 749]
                         ismax: [False, False, ..., False, False]
                       last_ii: 749
                      last_obj: 6.21529
                       last_xx: (3, 224, 224) array [-0.0375783904472, 0.00318277052693, ...]
                  majority_obj: None
                   majority_xx: None
                   meta_result: Metaresult: majority failure
                          norm: [20.5668045944, 2884.54364213, ..., 70.5996012409, 69.5420277497]
                           obj: [0.0, 0.0, ..., 6.17928, 6.21529]
                           std: [5.58935924311, 4.56637985561, ..., 0.181967375666, 0.179241542393]
                            x0: (3, 1, 1) array [17.6405234597, 4.00157208367, ...]

