FindParams:
                    blur_every: 0
                   blur_radius: 0
                         decay: 0.3
                     lr_params: {'lr': 100.0}
                     lr_policy: constant
                      max_iter: 750
                  push_channel: 30
                      push_dir: 1
                    push_layer: inception_3a/1x1
                  push_spatial: (14, 14)
                     push_unit: (30, 14, 14)
     px_abs_benefit_percentile: 0
         px_benefit_percentile: 0
                     rand_seed: 0
         small_norm_percentile: 20.0
          small_val_percentile: 0
                      start_at: mean_plus_rand


FindResults:
                       best_ii: 616
                      best_obj: 202.092
                       best_xx: (3, 224, 224) array [1.42108547152e-14, 1.42108547152e-14, ...]
                          dist: [1.02043931465e-14, 1399.18012509, ..., 4611.68442238, 4611.67398408]
                        idxmax: [(18, 26, 0), (27, 12, 14), ..., (12, 14, 15), (12, 14, 15)]
                            ii: [0, 1, ..., 748, 749]
                         ismax: [False, False, ..., False, False]
                       last_ii: 749
                      last_obj: 162.518
                       last_xx: (3, 224, 224) array [1.42108547152e-14, 1.42108547152e-14, ...]
                  majority_obj: None
                   majority_xx: None
                   meta_result: Metaresult: majority failure
                          norm: [20.5668045944, 3224.47287421, ..., 221.01636988, 216.044382835]
                           obj: [36.6604, 80.0481, ..., 173.377, 162.518]
                           std: [5.58935924311, 3.92860047877, ..., 0.56965344992, 0.556839661083]
                            x0: (3, 1, 1) array [17.6405234597, 4.00157208367, ...]

