FindParams:
                    blur_every: 0
                   blur_radius: 0
                         decay: 0.3
                     lr_params: {'lr': 100.0}
                     lr_policy: constant
                      max_iter: 750
                  push_channel: 18
                      push_dir: 1
                    push_layer: inception_3a/1x1
                  push_spatial: (14, 14)
                     push_unit: (18, 14, 14)
     px_abs_benefit_percentile: 0
         px_benefit_percentile: 0
                     rand_seed: 0
         small_norm_percentile: 20.0
          small_val_percentile: 0
                      start_at: mean_plus_rand


FindResults:
                       best_ii: 350
                      best_obj: 181.253
                       best_xx: (3, 224, 224) array [1.42108547152e-14, 1.42108547152e-14, ...]
                          dist: [1.02043931465e-14, 1395.17204576, ..., 4615.55444835, 4614.64247832]
                        idxmax: [(18, 26, 0), (27, 14, 12), ..., (31, 13, 13), (27, 13, 13)]
                            ii: [0, 1, ..., 748, 749]
                         ismax: [False, False, ..., False, False]
                       last_ii: 749
                      last_obj: 116.995
                       last_xx: (3, 224, 224) array [1.42108547152e-14, 1.42108547152e-14, ...]
                   majority_ii: 55
                  majority_obj: 148.709
                   majority_xx: (3, 224, 224) array [5.33216564236e-08, 5.33216564236e-08, ...]
                   meta_result: Metaresult: majority success
                          norm: [20.5668045944, 3225.1046154, ..., 277.455931233, 262.280062269]
                           obj: [44.2018, 47.2082, ..., 135.323, 116.995]
                           std: [5.58935924311, 3.92702879692, ..., 0.715130530829, 0.676015309484]
                            x0: (3, 1, 1) array [17.6405234597, 4.00157208367, ...]

