FindParams:
                    blur_every: 0
                   blur_radius: 0
                         decay: 0.3
                     lr_params: {'lr': 100.0}
                     lr_policy: constant
                      max_iter: 750
                  push_channel: 8
                      push_dir: 1
                    push_layer: inception_3a/1x1
                  push_spatial: (14, 14)
                     push_unit: (8, 14, 14)
     px_abs_benefit_percentile: 0
         px_benefit_percentile: 0
                     rand_seed: 0
         small_norm_percentile: 20.0
          small_val_percentile: 0
                      start_at: mean_plus_rand


FindResults:
                       best_ii: 469
                      best_obj: 248.034
                       best_xx: (3, 224, 224) array [1.42108547152e-14, 1.42108547152e-14, ...]
                          dist: [1.02043931465e-14, 1398.16132139, ..., 4614.66644949, 4613.58051754]
                        idxmax: [(18, 26, 0), (36, 13, 13), ..., (27, 14, 14), (27, 14, 14)]
                            ii: [0, 1, ..., 748, 749]
                         ismax: [False, False, ..., False, False]
                       last_ii: 749
                      last_obj: 214.328
                       last_xx: (3, 224, 224) array [1.42108547152e-14, 1.42108547152e-14, ...]
                   majority_ii: 120
                  majority_obj: 200.44
                   majority_xx: (3, 224, 224) array [1.42108547152e-14, 1.42108547152e-14, ...]
                   meta_result: Metaresult: majority success
                          norm: [20.5668045944, 3226.23867077, ..., 257.576644853, 239.05530508]
                           obj: [0.0, 0.0, ..., 192.57, 214.328]
                           std: [5.58935924311, 3.93317581762, ..., 0.66388889745, 0.616151691122]
                            x0: (3, 1, 1) array [17.6405234597, 4.00157208367, ...]

