FindParams:
                    blur_every: 0
                   blur_radius: 0
                         decay: 0.3
                     lr_params: {'lr': 100.0}
                     lr_policy: constant
                      max_iter: 750
                  push_channel: 6
                      push_dir: 1
                    push_layer: inception_3a/1x1
                  push_spatial: (14, 14)
                     push_unit: (6, 14, 14)
     px_abs_benefit_percentile: 0
         px_benefit_percentile: 0
                     rand_seed: 0
         small_norm_percentile: 20.0
          small_val_percentile: 0
                      start_at: mean_plus_rand


FindResults:
                       best_ii: 592
                      best_obj: 220.789
                       best_xx: (3, 224, 224) array [1.42108547152e-14, 1.42108547152e-14, ...]
                          dist: [1.02043931465e-14, 1399.67269874, ..., 4616.49499863, 4616.73516989]
                        idxmax: [(18, 26, 0), (12, 14, 14), ..., (6, 14, 14), (21, 15, 14)]
                            ii: [0, 1, ..., 748, 749]
                         ismax: [False, False, ..., True, False]
                       last_ii: 749
                      last_obj: 160.311
                       last_xx: (3, 224, 224) array [1.42108547152e-14, 1.42108547152e-14, ...]
                   majority_ii: 26
                  majority_obj: 179.378
                   majority_xx: (3, 224, 224) array [0.00165600067123, 0.00165600067123, ...]
                   meta_result: Metaresult: majority success
                          norm: [20.5668045944, 3226.27164761, ..., 296.365935715, 300.348519642]
                           obj: [8.59541, 0.0, ..., 157.013, 160.311]
                           std: [5.58935924311, 3.93417090172, ..., 0.763869957867, 0.774135049279]
                            x0: (3, 1, 1) array [17.6405234597, 4.00157208367, ...]

