FindParams:
                    blur_every: 0
                   blur_radius: 0
                         decay: 0.3
                     lr_params: {'lr': 100.0}
                     lr_policy: constant
                      max_iter: 750
                  push_channel: 17
                      push_dir: 1
                    push_layer: inception_3a/1x1
                  push_spatial: (14, 14)
                     push_unit: (17, 14, 14)
     px_abs_benefit_percentile: 0
         px_benefit_percentile: 0
                     rand_seed: 0
         small_norm_percentile: 20.0
          small_val_percentile: 0
                      start_at: mean_plus_rand


FindResults:
                       best_ii: 691
                      best_obj: 330.622
                       best_xx: (3, 224, 224) array [1.42108547152e-14, 1.42108547152e-14, ...]
                          dist: [1.02043931465e-14, 1397.98731969, ..., 4614.9163815, 4614.21653907]
                        idxmax: [(18, 26, 0), (27, 12, 14), ..., (17, 14, 14), (17, 14, 14)]
                            ii: [0, 1, ..., 748, 749]
                         ismax: [False, False, ..., True, True]
                       last_ii: 749
                      last_obj: 277.421
                       last_xx: (3, 224, 224) array [1.42108547152e-14, 1.42108547152e-14, ...]
                   majority_ii: 8
                  majority_obj: 214.266
                   majority_xx: (3, 224, 224) array [1.01694107281, 1.01694107281, ...]
                   meta_result: Metaresult: majority success
                          norm: [20.5668045944, 3223.56657283, ..., 274.572137451, 264.199870188]
                           obj: [1.60057, 24.9927, ..., 267.244, 277.421]
                           std: [5.58935924311, 3.92652266808, ..., 0.707697731464, 0.680963671426]
                            x0: (3, 1, 1) array [17.6405234597, 4.00157208367, ...]

