FindParams:
                    blur_every: 0
                   blur_radius: 0
                         decay: 0.3
                     lr_params: {'lr': 100.0}
                     lr_policy: constant
                      max_iter: 750
                  push_channel: 15
                      push_dir: 1
                    push_layer: inception_3a/1x1
                  push_spatial: (14, 14)
                     push_unit: (15, 14, 14)
     px_abs_benefit_percentile: 0
         px_benefit_percentile: 0
                     rand_seed: 0
         small_norm_percentile: 20.0
          small_val_percentile: 0
                      start_at: mean_plus_rand


FindResults:
                       best_ii: 76
                      best_obj: 314.128
                       best_xx: (3, 224, 224) array [2.97859514831e-11, 2.97859514831e-11, ...]
                          dist: [1.02043931465e-14, 1397.73819835, ..., 4615.13692423, 4614.68724675]
                        idxmax: [(18, 26, 0), (27, 14, 14), ..., (15, 14, 14), (15, 14, 14)]
                            ii: [0, 1, ..., 748, 749]
                         ismax: [False, False, ..., True, True]
                       last_ii: 749
                      last_obj: 286.013
                       last_xx: (3, 224, 224) array [1.42108547152e-14, 1.42108547152e-14, ...]
                   majority_ii: 4
                  majority_obj: 196.185
                   majority_xx: (3, 224, 224) array [4.23548968267, 4.23548968267, ...]
                   meta_result: Metaresult: majority success
                          norm: [20.5668045944, 3223.26228446, ..., 279.956767548, 269.377327272]
                           obj: [0.0, 22.6681, ..., 286.805, 286.013]
                           std: [5.58935924311, 3.92550126991, ..., 0.721576158855, 0.694308210483]
                            x0: (3, 1, 1) array [17.6405234597, 4.00157208367, ...]

