FindParams:
                    blur_every: 0
                   blur_radius: 0
                         decay: 0.3
                     lr_params: {'lr': 100.0}
                     lr_policy: constant
                      max_iter: 750
                  push_channel: 2
                      push_dir: 1
                    push_layer: inception_3a/1x1
                  push_spatial: (14, 14)
                     push_unit: (2, 14, 14)
     px_abs_benefit_percentile: 0
         px_benefit_percentile: 0
                     rand_seed: 0
         small_norm_percentile: 20.0
          small_val_percentile: 0
                      start_at: mean_plus_rand


FindResults:
                       best_ii: 100
                      best_obj: 353.358
                       best_xx: (3, 224, 224) array [1.42108547152e-14, 1.42108547152e-14, ...]
                          dist: [1.02043931465e-14, 1397.10040188, ..., 4615.48643738, 4614.90985559]
                        idxmax: [(18, 26, 0), (27, 13, 14), ..., (2, 14, 14), (2, 14, 14)]
                            ii: [0, 1, ..., 748, 749]
                         ismax: [False, False, ..., True, True]
                       last_ii: 749
                      last_obj: 336.424
                       last_xx: (3, 224, 224) array [1.42108547152e-14, 1.42108547152e-14, ...]
                   majority_ii: 3
                  majority_obj: 177.054
                   majority_xx: (3, 224, 224) array [6.05069954667, 6.05069954667, ...]
                   meta_result: Metaresult: majority success
                          norm: [20.5668045944, 3222.44518703, ..., 275.19842921, 265.23867013]
                           obj: [1.83927, 44.4425, ..., 302.207, 336.424]
                           std: [5.58935924311, 3.92403101463, ..., 0.709311985879, 0.683641127414]
                            x0: (3, 1, 1) array [17.6405234597, 4.00157208367, ...]

