FindParams:
                    blur_every: 0
                   blur_radius: 0
                         decay: 0.3
                     lr_params: {'lr': 100.0}
                     lr_policy: constant
                      max_iter: 750
                  push_channel: 28
                      push_dir: 1
                    push_layer: inception_3a/1x1
                  push_spatial: (14, 14)
                     push_unit: (28, 14, 14)
     px_abs_benefit_percentile: 0
         px_benefit_percentile: 0
                     rand_seed: 0
         small_norm_percentile: 20.0
          small_val_percentile: 0
                      start_at: mean_plus_rand


FindResults:
                       best_ii: 536
                      best_obj: 210.284
                       best_xx: (3, 224, 224) array [1.42108547152e-14, 1.42108547152e-14, ...]
                          dist: [1.02043931465e-14, 1396.28023956, ..., 4615.69697267, 4621.03207901]
                        idxmax: [(18, 26, 0), (12, 13, 13), ..., (32, 14, 14), (32, 14, 14)]
                            ii: [0, 1, ..., 748, 749]
                         ismax: [False, False, ..., False, False]
                       last_ii: 749
                      last_obj: 0.0
                       last_xx: (3, 224, 224) array [1.42108547152e-14, 1.42108547152e-14, ...]
                  majority_obj: None
                   majority_xx: None
                   meta_result: Metaresult: majority failure
                          norm: [20.5668045944, 3223.70103837, ..., 280.93533379, 356.751807103]
                           obj: [0.0, 0.0, ..., 156.621, 0.0]
                           std: [5.58935924311, 3.92501226289, ..., 0.724097967831, 0.919511702225]
                            x0: (3, 1, 1) array [17.6405234597, 4.00157208367, ...]

