FindParams:
                    blur_every: 0
                   blur_radius: 0
                         decay: 0.3
                     lr_params: {'lr': 100.0}
                     lr_policy: constant
                      max_iter: 750
                  push_channel: 16
                      push_dir: 1
                    push_layer: inception_3a/1x1
                  push_spatial: (14, 14)
                     push_unit: (16, 14, 14)
     px_abs_benefit_percentile: 0
         px_benefit_percentile: 0
                     rand_seed: 0
         small_norm_percentile: 20.0
          small_val_percentile: 0
                      start_at: mean_plus_rand


FindResults:
                       best_ii: 491
                      best_obj: 262.202
                       best_xx: (3, 224, 224) array [1.42108547152e-14, 1.42108547152e-14, ...]
                          dist: [1.02043931465e-14, 1398.69215976, ..., 4615.53921803, 4615.42723142]
                        idxmax: [(18, 26, 0), (48, 13, 13), ..., (27, 14, 14), (27, 14, 14)]
                            ii: [0, 1, ..., 748, 749]
                         ismax: [False, False, ..., False, False]
                       last_ii: 749
                      last_obj: 199.559
                       last_xx: (3, 224, 224) array [1.42108547152e-14, 1.42108547152e-14, ...]
                  majority_obj: None
                   majority_xx: None
                   meta_result: Metaresult: majority failure
                          norm: [20.5668045944, 3223.0134658, ..., 270.251790528, 277.472231162]
                           obj: [4.5597, 0.0, ..., 212.648, 199.559]
                           std: [5.58935924311, 3.92600229396, ..., 0.696562231524, 0.71517261656]
                            x0: (3, 1, 1) array [17.6405234597, 4.00157208367, ...]

