FindParams:
                    blur_every: 0
                   blur_radius: 0
                         decay: 0.3
                     lr_params: {'lr': 100.0}
                     lr_policy: constant
                      max_iter: 750
                  push_channel: 26
                      push_dir: 1
                    push_layer: inception_3a/1x1
                  push_spatial: (14, 14)
                     push_unit: (26, 14, 14)
     px_abs_benefit_percentile: 0
         px_benefit_percentile: 0
                     rand_seed: 0
         small_norm_percentile: 20.0
          small_val_percentile: 0
                      start_at: mean_plus_rand


FindResults:
                       best_ii: 456
                      best_obj: 319.932
                       best_xx: (3, 224, 224) array [1.42108547152e-14, 1.42108547152e-14, ...]
                          dist: [1.02043931465e-14, 1397.94849512, ..., 4614.1227787, 4613.97172193]
                        idxmax: [(18, 26, 0), (12, 14, 13), ..., (26, 14, 14), (26, 14, 14)]
                            ii: [0, 1, ..., 748, 749]
                         ismax: [False, False, ..., True, True]
                       last_ii: 749
                      last_obj: 275.553
                       last_xx: (3, 224, 224) array [1.42108547152e-14, 1.42108547152e-14, ...]
                   majority_ii: 9
                  majority_obj: 238.626
                   majority_xx: (3, 224, 224) array [0.711858750966, 0.711858750966, ...]
                   meta_result: Metaresult: majority success
                          norm: [20.5668045944, 3224.30185911, ..., 263.292602067, 259.662612497]
                           obj: [0.0, 0.0, ..., 287.555, 275.553]
                           std: [5.58935924311, 3.92795719631, ..., 0.67862506914, 0.669268972253]
                            x0: (3, 1, 1) array [17.6405234597, 4.00157208367, ...]

