FindParams:
                    blur_every: 0
                   blur_radius: 0
                         decay: 0.3
                     lr_params: {'lr': 100.0}
                     lr_policy: constant
                      max_iter: 750
                  push_channel: 28
                      push_dir: 1
                    push_layer: inception_3a/3x3_reduce
                  push_spatial: (14, 14)
                     push_unit: (28, 14, 14)
     px_abs_benefit_percentile: 0
         px_benefit_percentile: 0
                     rand_seed: 0
         small_norm_percentile: 20.0
          small_val_percentile: 0
                      start_at: mean_plus_rand


FindResults:
                       best_ii: 225
                      best_obj: 295.304
                       best_xx: (3, 224, 224) array [1.42108547152e-14, 1.42108547152e-14, ...]
                          dist: [1.02043931465e-14, 1396.19957801, ..., 4613.11570708, 4613.63712366]
                        idxmax: [(82, 0, 27), (3, 0, 0), ..., (28, 14, 14), (28, 14, 14)]
                            ii: [0, 1, ..., 748, 749]
                         ismax: [False, False, ..., True, True]
                       last_ii: 749
                      last_obj: 248.756
                       last_xx: (3, 224, 224) array [1.42108547152e-14, 1.42108547152e-14, ...]
                   majority_ii: 7
                  majority_obj: 174.774
                   majority_xx: (3, 224, 224) array [1.45277296116, 1.45277296116, ...]
                   meta_result: Metaresult: majority success
                          norm: [20.5668045944, 3222.7243431, ..., 237.874981627, 247.787134177]
                           obj: [0.0, 0.0, ..., 243.442, 248.756]
                           std: [5.58935924311, 3.92342643045, ..., 0.613112055472, 0.638660173484]
                            x0: (3, 1, 1) array [17.6405234597, 4.00157208367, ...]

