FindParams:
                    blur_every: 0
                   blur_radius: 0
                         decay: 0.3
                     lr_params: {'lr': 100.0}
                     lr_policy: constant
                      max_iter: 750
                  push_channel: 14
                      push_dir: 1
                    push_layer: inception_3a/3x3_reduce
                  push_spatial: (14, 14)
                     push_unit: (14, 14, 14)
     px_abs_benefit_percentile: 0
         px_benefit_percentile: 0
                     rand_seed: 0
         small_norm_percentile: 20.0
          small_val_percentile: 0
                      start_at: mean_plus_rand


FindResults:
                       best_ii: 654
                      best_obj: 129.115
                       best_xx: (3, 224, 224) array [1.42108547152e-14, 1.42108547152e-14, ...]
                          dist: [1.02043931465e-14, 1402.2790034, ..., 4614.15884726, 4612.66494471]
                        idxmax: [(82, 0, 27), (17, 12, 14), ..., (17, 13, 14), (17, 13, 14)]
                            ii: [0, 1, ..., 748, 749]
                         ismax: [False, False, ..., False, False]
                       last_ii: 749
                      last_obj: 79.6521
                       last_xx: (3, 224, 224) array [1.42108547152e-14, 1.42108547152e-14, ...]
                   majority_ii: 592
                  majority_obj: 128.295
                   majority_xx: (3, 224, 224) array [1.42108547152e-14, 1.42108547152e-14, ...]
                   meta_result: Metaresult: majority success
                          norm: [20.5668045944, 3227.35540329, ..., 252.232771835, 224.638566033]
                           obj: [4.22967, 0.0, ..., 66.8129, 79.6521]
                           std: [5.58935924311, 3.93833604968, ..., 0.650119007735, 0.578996142772]
                            x0: (3, 1, 1) array [17.6405234597, 4.00157208367, ...]

