FindParams:
                    blur_every: 0
                   blur_radius: 0
                         decay: 0.3
                     lr_params: {'lr': 100.0}
                     lr_policy: constant
                      max_iter: 750
                  push_channel: 22
                      push_dir: 1
                    push_layer: inception_3a/3x3_reduce
                  push_spatial: (14, 14)
                     push_unit: (22, 14, 14)
     px_abs_benefit_percentile: 0
         px_benefit_percentile: 0
                     rand_seed: 0
         small_norm_percentile: 20.0
          small_val_percentile: 0
                      start_at: mean_plus_rand


FindResults:
                       best_ii: 411
                      best_obj: 249.502
                       best_xx: (3, 224, 224) array [1.42108547152e-14, 1.42108547152e-14, ...]
                          dist: [1.02043931465e-14, 1396.1749665, ..., 4612.2420116, 4612.44115447]
                        idxmax: [(82, 0, 27), (3, 0, 0), ..., (41, 15, 13), (41, 15, 13)]
                            ii: [0, 1, ..., 748, 749]
                         ismax: [False, False, ..., False, False]
                       last_ii: 749
                      last_obj: 240.025
                       last_xx: (3, 224, 224) array [1.42108547152e-14, 1.42108547152e-14, ...]
                   majority_ii: 262
                  majority_obj: 240.743
                   majority_xx: (3, 224, 224) array [1.42108547152e-14, 1.42108547152e-14, ...]
                   meta_result: Metaresult: majority success
                          norm: [20.5668045944, 3223.40650373, ..., 223.469036552, 227.524065419]
                           obj: [0.0, 0.0, ..., 235.791, 240.025]
                           std: [5.58935924311, 3.92407177902, ..., 0.575981613654, 0.586433339247]
                            x0: (3, 1, 1) array [17.6405234597, 4.00157208367, ...]

