FindParams:
                    blur_every: 0
                   blur_radius: 0
                         decay: 0.3
                     lr_params: {'lr': 100.0}
                     lr_policy: constant
                      max_iter: 750
                  push_channel: 29
                      push_dir: 1
                    push_layer: inception_3a/3x3_reduce
                  push_spatial: (14, 14)
                     push_unit: (29, 14, 14)
     px_abs_benefit_percentile: 0
         px_benefit_percentile: 0
                     rand_seed: 0
         small_norm_percentile: 20.0
          small_val_percentile: 0
                      start_at: mean_plus_rand


FindResults:
                       best_ii: 386
                      best_obj: 302.038
                       best_xx: (3, 224, 224) array [1.42108547152e-14, 1.42108547152e-14, ...]
                          dist: [1.02043931465e-14, 1405.0124739, ..., 4615.69138502, 4616.22246382]
                        idxmax: [(82, 0, 27), (17, 12, 13), ..., (29, 14, 14), (29, 14, 14)]
                            ii: [0, 1, ..., 748, 749]
                         ismax: [False, False, ..., True, True]
                       last_ii: 749
                      last_obj: 226.414
                       last_xx: (3, 224, 224) array [1.42108547152e-14, 1.42108547152e-14, ...]
                   majority_ii: 6
                  majority_obj: 192.778
                   majority_xx: (3, 224, 224) array [2.07538994451, 2.07538994451, ...]
                   meta_result: Metaresult: majority success
                          norm: [20.5668045944, 3230.2214675, ..., 284.35035057, 291.836968767]
                           obj: [33.1785, 0.0, ..., 204.614, 226.414]
                           std: [5.58935924311, 3.95028915517, ..., 0.732900557745, 0.7521968769]
                            x0: (3, 1, 1) array [17.6405234597, 4.00157208367, ...]

