FindParams:
                    blur_every: 0
                   blur_radius: 0
                         decay: 0.3
                     lr_params: {'lr': 100.0}
                     lr_policy: constant
                      max_iter: 750
                  push_channel: 17
                      push_dir: 1
                    push_layer: inception_3a/3x3_reduce
                  push_spatial: (14, 14)
                     push_unit: (17, 14, 14)
     px_abs_benefit_percentile: 0
         px_benefit_percentile: 0
                     rand_seed: 0
         small_norm_percentile: 20.0
          small_val_percentile: 0
                      start_at: mean_plus_rand


FindResults:
                       best_ii: 297
                      best_obj: 377.583
                       best_xx: (3, 224, 224) array [1.42108547152e-14, 1.42108547152e-14, ...]
                          dist: [1.02043931465e-14, 1396.63533747, ..., 4613.27453393, 4613.95597024]
                        idxmax: [(82, 0, 27), (3, 0, 0), ..., (17, 14, 14), (17, 14, 14)]
                            ii: [0, 1, ..., 748, 749]
                         ismax: [False, False, ..., True, True]
                       last_ii: 749
                      last_obj: 303.606
                       last_xx: (3, 224, 224) array [1.42108547152e-14, 1.42108547152e-14, ...]
                   majority_ii: 8
                  majority_obj: 238.001
                   majority_xx: (3, 224, 224) array [1.01694107281, 1.01694107281, ...]
                   meta_result: Metaresult: majority success
                          norm: [20.5668045944, 3222.26209757, ..., 233.49714999, 247.734908452]
                           obj: [0.0, 21.7064, ..., 328.42, 303.606]
                           std: [5.58935924311, 3.9234257698, ..., 0.601828630893, 0.638525901649]
                            x0: (3, 1, 1) array [17.6405234597, 4.00157208367, ...]

