FindParams:
                    blur_every: 0
                   blur_radius: 0
                         decay: 0.3
                     lr_params: {'lr': 100.0}
                     lr_policy: constant
                      max_iter: 750
                  push_channel: 19
                      push_dir: 1
                    push_layer: inception_3a/3x3_reduce
                  push_spatial: (14, 14)
                     push_unit: (19, 14, 14)
     px_abs_benefit_percentile: 0
         px_benefit_percentile: 0
                     rand_seed: 0
         small_norm_percentile: 20.0
          small_val_percentile: 0
                      start_at: mean_plus_rand


FindResults:
                       best_ii: 612
                      best_obj: 327.351
                       best_xx: (3, 224, 224) array [1.42108547152e-14, 1.42108547152e-14, ...]
                          dist: [1.02043931465e-14, 1405.34556408, ..., 4614.28795882, 4614.94048253]
                        idxmax: [(82, 0, 27), (70, 14, 14), ..., (19, 14, 14), (19, 14, 14)]
                            ii: [0, 1, ..., 748, 749]
                         ismax: [False, False, ..., True, True]
                       last_ii: 749
                      last_obj: 281.248
                       last_xx: (3, 224, 224) array [1.42108547152e-14, 1.42108547152e-14, ...]
                   majority_ii: 5
                  majority_obj: 153.043
                   majority_xx: (3, 224, 224) array [2.96484277787, 2.96484277787, ...]
                   meta_result: Metaresult: majority success
                          norm: [20.5668045944, 3228.09818706, ..., 269.572107813, 280.298393963]
                           obj: [0.0, 12.9385, ..., 255.606, 281.248]
                           std: [5.58935924311, 3.9455698378, ..., 0.694810274417, 0.722456860965]
                            x0: (3, 1, 1) array [17.6405234597, 4.00157208367, ...]

