FindParams:
                    blur_every: 0
                   blur_radius: 0
                         decay: 0.3
                     lr_params: {'lr': 100.0}
                     lr_policy: constant
                      max_iter: 750
                  push_channel: 18
                      push_dir: 1
                    push_layer: inception_3a/3x3_reduce
                  push_spatial: (14, 14)
                     push_unit: (18, 14, 14)
     px_abs_benefit_percentile: 0
         px_benefit_percentile: 0
                     rand_seed: 0
         small_norm_percentile: 20.0
          small_val_percentile: 0
                      start_at: mean_plus_rand


FindResults:
                       best_ii: 674
                      best_obj: 287.438
                       best_xx: (3, 224, 224) array [1.42108547152e-14, 1.42108547152e-14, ...]
                          dist: [1.02043931465e-14, 1397.66395957, ..., 4613.93758597, 4615.0090902]
                        idxmax: [(82, 0, 27), (17, 12, 14), ..., (18, 14, 14), (41, 14, 14)]
                            ii: [0, 1, ..., 748, 749]
                         ismax: [False, False, ..., True, False]
                       last_ii: 749
                      last_obj: 214.155
                       last_xx: (3, 224, 224) array [1.42108547152e-14, 1.42108547152e-14, ...]
                   majority_ii: 9
                  majority_obj: 196.985
                   majority_xx: (3, 224, 224) array [0.711858750966, 0.711858750966, ...]
                   meta_result: Metaresult: majority success
                          norm: [20.5668045944, 3226.98422327, ..., 250.934386889, 267.117729449]
                           obj: [24.4724, 38.7549, ..., 211.247, 214.155]
                           std: [5.58935924311, 3.93261649539, ..., 0.646772444998, 0.688484296895]
                            x0: (3, 1, 1) array [17.6405234597, 4.00157208367, ...]

