FindParams:
                    blur_every: 0
                   blur_radius: 0
                         decay: 0.3
                     lr_params: {'lr': 100.0}
                     lr_policy: constant
                      max_iter: 750
                  push_channel: 37
                      push_dir: 1
                    push_layer: inception_3a/3x3_reduce
                  push_spatial: (14, 14)
                     push_unit: (37, 14, 14)
     px_abs_benefit_percentile: 0
         px_benefit_percentile: 0
                     rand_seed: 0
         small_norm_percentile: 20.0
          small_val_percentile: 0
                      start_at: mean_plus_rand


FindResults:
                       best_ii: 517
                      best_obj: 293.513
                       best_xx: (3, 224, 224) array [1.42108547152e-14, 1.42108547152e-14, ...]
                          dist: [1.02043931465e-14, 1398.39792935, ..., 4614.84524422, 4614.96935544]
                        idxmax: [(82, 0, 27), (61, 14, 12), ..., (37, 14, 14), (40, 13, 15)]
                            ii: [0, 1, ..., 748, 749]
                         ismax: [False, False, ..., True, False]
                       last_ii: 749
                      last_obj: 181.471
                       last_xx: (3, 224, 224) array [1.42108547152e-14, 1.42108547152e-14, ...]
                   majority_ii: 12
                  majority_obj: 183.688
                   majority_xx: (3, 224, 224) array [0.244167551581, 0.244167551581, ...]
                   meta_result: Metaresult: majority success
                          norm: [20.5668045944, 3226.1474774, ..., 277.103052883, 278.608174149]
                           obj: [23.2723, 0.0, ..., 239.063, 181.471]
                           std: [5.58935924311, 3.93352124741, ..., 0.714221027561, 0.718100460026]
                            x0: (3, 1, 1) array [17.6405234597, 4.00157208367, ...]

