FindParams:
                    blur_every: 0
                   blur_radius: 0
                         decay: 0.3
                     lr_params: {'lr': 100.0}
                     lr_policy: constant
                      max_iter: 750
                  push_channel: 17
                      push_dir: 1
                    push_layer: inception_3a/3x3
                  push_spatial: (14, 14)
                     push_unit: (17, 14, 14)
     px_abs_benefit_percentile: 0
         px_benefit_percentile: 0
                     rand_seed: 0
         small_norm_percentile: 20.0
          small_val_percentile: 0
                      start_at: mean_plus_rand


FindResults:
                       best_ii: 226
                      best_obj: 673.844
                       best_xx: (3, 224, 224) array [1.42108547152e-14, 1.42108547152e-14, ...]
                          dist: [1.02043931465e-14, 1446.5183944, ..., 4621.32169232, 4621.48624883]
                        idxmax: [(78, 0, 26), (33, 13, 15), ..., (17, 14, 14), (17, 14, 14)]
                            ii: [0, 1, ..., 748, 749]
                         ismax: [False, False, ..., True, True]
                       last_ii: 749
                      last_obj: 570.502
                       last_xx: (3, 224, 224) array [1.42108547152e-14, 1.42108547152e-14, ...]
                   majority_ii: 4
                  majority_obj: 236.624
                   majority_xx: (3, 224, 224) array [4.23548968267, 4.23548968267, ...]
                   meta_result: Metaresult: majority success
                          norm: [20.5668045944, 3211.76511541, ..., 370.714482084, 371.050383122]
                           obj: [0.0, 0.0, ..., 632.591, 570.502]
                           std: [5.58935924311, 3.95887305811, ..., 0.95550009598, 0.956365906237]
                            x0: (3, 1, 1) array [17.6405234597, 4.00157208367, ...]

