FindParams:
                    blur_every: 0
                   blur_radius: 0
                         decay: 0.3
                     lr_params: {'lr': 100.0}
                     lr_policy: constant
                      max_iter: 750
                  push_channel: 25
                      push_dir: 1
                    push_layer: inception_3a/3x3
                  push_spatial: (14, 14)
                     push_unit: (25, 14, 14)
     px_abs_benefit_percentile: 0
         px_benefit_percentile: 0
                     rand_seed: 0
         small_norm_percentile: 20.0
          small_val_percentile: 0
                      start_at: mean_plus_rand


FindResults:
                       best_ii: 549
                      best_obj: 488.118
                       best_xx: (3, 224, 224) array [1.42108547152e-14, 1.42108547152e-14, ...]
                          dist: [1.02043931465e-14, 1448.68520084, ..., 4619.52377428, 4619.96092865]
                        idxmax: [(78, 0, 26), (78, 0, 26), ..., (25, 14, 14), (25, 14, 14)]
                            ii: [0, 1, ..., 748, 749]
                         ismax: [False, False, ..., True, True]
                       last_ii: 749
                      last_obj: 418.37
                       last_xx: (3, 224, 224) array [1.42108547152e-14, 1.42108547152e-14, ...]
                   majority_ii: 5
                  majority_obj: 205.629
                   majority_xx: (3, 224, 224) array [2.96484277787, 2.96484277787, ...]
                   meta_result: Metaresult: majority success
                          norm: [20.5668045944, 3212.38699197, ..., 344.225327299, 351.106580505]
                           obj: [0.0, 4.83954, ..., 434.702, 418.37]
                           std: [5.58935924311, 3.96249779847, ..., 0.887224864079, 0.904961038028]
                            x0: (3, 1, 1) array [17.6405234597, 4.00157208367, ...]

