FindParams:
                    blur_every: 0
                   blur_radius: 0
                         decay: 0.3
                     lr_params: {'lr': 100.0}
                     lr_policy: constant
                      max_iter: 750
                  push_channel: 34
                      push_dir: 1
                    push_layer: inception_3a/3x3_reduce
                  push_spatial: (14, 14)
                     push_unit: (34, 14, 14)
     px_abs_benefit_percentile: 0
         px_benefit_percentile: 0
                     rand_seed: 0
         small_norm_percentile: 20.0
          small_val_percentile: 0
                      start_at: mean_plus_rand


FindResults:
                       best_ii: 417
                      best_obj: 303.872
                       best_xx: (3, 224, 224) array [1.42108547152e-14, 1.42108547152e-14, ...]
                          dist: [1.02043931465e-14, 1397.5355925, ..., 4612.69000546, 4612.66589824]
                        idxmax: [(82, 0, 27), (3, 0, 0), ..., (34, 14, 14), (34, 14, 14)]
                            ii: [0, 1, ..., 748, 749]
                         ismax: [False, False, ..., True, True]
                       last_ii: 749
                      last_obj: 262.492
                       last_xx: (3, 224, 224) array [1.42108547152e-14, 1.42108547152e-14, ...]
                   majority_ii: 5
                  majority_obj: 190.568
                   majority_xx: (3, 224, 224) array [2.96484277787, 2.96484277787, ...]
                   meta_result: Metaresult: majority success
                          norm: [20.5668045944, 3223.48127518, ..., 232.707719565, 233.893202273]
                           obj: [0.0, 46.9991, ..., 272.533, 262.492]
                           std: [5.58935924311, 3.92583083973, ..., 0.599793984906, 0.602849513621]
                            x0: (3, 1, 1) array [17.6405234597, 4.00157208367, ...]

