FindParams:
                    blur_every: 0
                   blur_radius: 0
                         decay: 0.3
                     lr_params: {'lr': 100.0}
                     lr_policy: constant
                      max_iter: 750
                  push_channel: 7
                      push_dir: 1
                    push_layer: inception_3a/3x3_reduce
                  push_spatial: (14, 14)
                     push_unit: (7, 14, 14)
     px_abs_benefit_percentile: 0
         px_benefit_percentile: 0
                     rand_seed: 0
         small_norm_percentile: 20.0
          small_val_percentile: 0
                      start_at: mean_plus_rand


FindResults:
                       best_ii: 449
                      best_obj: 412.8
                       best_xx: (3, 224, 224) array [1.42108547152e-14, 1.42108547152e-14, ...]
                          dist: [1.02043931465e-14, 1397.58771229, ..., 4613.46071632, 4615.76514939]
                        idxmax: [(82, 0, 27), (17, 12, 14), ..., (7, 14, 14), (7, 14, 14)]
                            ii: [0, 1, ..., 748, 749]
                         ismax: [False, False, ..., True, True]
                       last_ii: 749
                      last_obj: 207.84
                       last_xx: (3, 224, 224) array [1.42108547152e-14, 1.42108547152e-14, ...]
                   majority_ii: 3
                  majority_obj: 222.368
                   majority_xx: (3, 224, 224) array [6.05069954667, 6.05069954667, ...]
                   meta_result: Metaresult: majority success
                          norm: [20.5668045944, 3222.51648176, ..., 245.741233924, 285.377296287]
                           obj: [0.0, 0.0, ..., 367.343, 207.84]
                           std: [5.58935924311, 3.92464432072, ..., 0.633387352441, 0.735547583886]
                            x0: (3, 1, 1) array [17.6405234597, 4.00157208367, ...]

