FindParams:
                    blur_every: 0
                   blur_radius: 0
                         decay: 0.3
                     lr_params: {'lr': 100.0}
                     lr_policy: constant
                      max_iter: 750
                  push_channel: 32
                      push_dir: 1
                    push_layer: inception_3a/3x3
                  push_spatial: (14, 14)
                     push_unit: (32, 14, 14)
     px_abs_benefit_percentile: 0
         px_benefit_percentile: 0
                     rand_seed: 0
         small_norm_percentile: 20.0
          small_val_percentile: 0
                      start_at: mean_plus_rand


FindResults:
                       best_ii: 410
                      best_obj: 517.428
                       best_xx: (3, 224, 224) array [1.42108547152e-14, 1.42108547152e-14, ...]
                          dist: [1.02043931465e-14, 1446.8582212, ..., 4619.62341776, 4620.6297278]
                        idxmax: [(78, 0, 26), (78, 0, 26), ..., (32, 14, 14), (32, 14, 14)]
                            ii: [0, 1, ..., 748, 749]
                         ismax: [False, False, ..., True, True]
                       last_ii: 749
                      last_obj: 454.71
                       last_xx: (3, 224, 224) array [1.42108547152e-14, 1.42108547152e-14, ...]
                   majority_ii: 3
                  majority_obj: 163.99
                   majority_xx: (3, 224, 224) array [6.05069954667, 6.05069954667, ...]
                   meta_result: Metaresult: majority success
                          norm: [20.5668045944, 3212.65924, ..., 350.637465897, 363.841333303]
                           obj: [0.0, 0.0, ..., 456.905, 454.71]
                           std: [5.58935924311, 3.96009031176, ..., 0.903752764887, 0.937785229895]
                            x0: (3, 1, 1) array [17.6405234597, 4.00157208367, ...]

