FindParams:
                    blur_every: 0
                   blur_radius: 0
                         decay: 0.3
                     lr_params: {'lr': 100.0}
                     lr_policy: constant
                      max_iter: 750
                  push_channel: 24
                      push_dir: 1
                    push_layer: inception_3a/3x3
                  push_spatial: (14, 14)
                     push_unit: (24, 14, 14)
     px_abs_benefit_percentile: 0
         px_benefit_percentile: 0
                     rand_seed: 0
         small_norm_percentile: 20.0
          small_val_percentile: 0
                      start_at: mean_plus_rand


FindResults:
                       best_ii: 541
                      best_obj: 709.51
                       best_xx: (3, 224, 224) array [1.42108547152e-14, 1.42108547152e-14, ...]
                          dist: [1.02043931465e-14, 1438.1769126, ..., 4618.11439483, 4618.47152633]
                        idxmax: [(78, 0, 26), (78, 0, 26), ..., (24, 14, 14), (24, 14, 14)]
                            ii: [0, 1, ..., 748, 749]
                         ismax: [False, False, ..., True, True]
                       last_ii: 749
                      last_obj: 634.739
                       last_xx: (3, 224, 224) array [1.42108547152e-14, 1.42108547152e-14, ...]
                   majority_ii: 2
                  majority_obj: 380.285
                   majority_xx: (3, 224, 224) array [8.64385649524, 8.64385649524, ...]
                   meta_result: Metaresult: majority success
                          norm: [20.5668045944, 3219.08440062, ..., 324.654903272, 326.362231634]
                           obj: [6.54518, 59.9356, ..., 661.545, 634.739]
                           std: [5.58935924311, 3.96544298236, ..., 0.83678224079, 0.841182904986]
                            x0: (3, 1, 1) array [17.6405234597, 4.00157208367, ...]

