FindParams:
                    blur_every: 0
                   blur_radius: 0
                         decay: 0.3
                     lr_params: {'lr': 100.0}
                     lr_policy: constant
                      max_iter: 750
                  push_channel: 33
                      push_dir: 1
                    push_layer: inception_3a/3x3_reduce
                  push_spatial: (14, 14)
                     push_unit: (33, 14, 14)
     px_abs_benefit_percentile: 0
         px_benefit_percentile: 0
                     rand_seed: 0
         small_norm_percentile: 20.0
          small_val_percentile: 0
                      start_at: mean_plus_rand


FindResults:
                       best_ii: 185
                      best_obj: 386.643
                       best_xx: (3, 224, 224) array [1.42108547152e-14, 1.42108547152e-14, ...]
                          dist: [1.02043931465e-14, 1398.03611777, ..., 4616.21075463, 4615.39988514]
                        idxmax: [(82, 0, 27), (17, 12, 13), ..., (33, 14, 14), (33, 14, 14)]
                            ii: [0, 1, ..., 748, 749]
                         ismax: [False, False, ..., True, True]
                       last_ii: 749
                      last_obj: 343.776
                       last_xx: (3, 224, 224) array [1.42108547152e-14, 1.42108547152e-14, ...]
                   majority_ii: 4
                  majority_obj: 224.623
                   majority_xx: (3, 224, 224) array [4.23548968267, 4.23548968267, ...]
                   meta_result: Metaresult: majority success
                          norm: [20.5668045944, 3224.17709449, ..., 290.359215409, 276.217567078]
                           obj: [13.0069, 11.151, ..., 317.509, 343.776]
                           std: [5.58935924311, 3.92793780534, ..., 0.748388251174, 0.711938773275]
                            x0: (3, 1, 1) array [17.6405234597, 4.00157208367, ...]

