FindParams:
                    blur_every: 0
                   blur_radius: 0
                         decay: 0.3
                     lr_params: {'lr': 100.0}
                     lr_policy: constant
                      max_iter: 750
                  push_channel: 6
                      push_dir: 1
                    push_layer: inception_3a/5x5_reduce
                  push_spatial: (14, 14)
                     push_unit: (6, 14, 14)
     px_abs_benefit_percentile: 0
         px_benefit_percentile: 0
                     rand_seed: 0
         small_norm_percentile: 20.0
          small_val_percentile: 0
                      start_at: mean_plus_rand


FindResults:
                       best_ii: 151
                      best_obj: 348.957
                       best_xx: (3, 224, 224) array [1.42108547152e-14, 1.42108547152e-14, ...]
                          dist: [1.02043931465e-14, 1396.54735599, ..., 4615.32071896, 4614.42138398]
                        idxmax: [(9, 1, 0), (9, 1, 0), ..., (6, 14, 14), (6, 14, 14)]
                            ii: [0, 1, ..., 748, 749]
                         ismax: [False, False, ..., True, True]
                       last_ii: 749
                      last_obj: 287.422
                       last_xx: (3, 224, 224) array [1.42108547152e-14, 1.42108547152e-14, ...]
                   majority_ii: 3
                  majority_obj: 196.476
                   majority_xx: (3, 224, 224) array [6.05069954667, 6.05069954667, ...]
                   meta_result: Metaresult: majority success
                          norm: [20.5668045944, 3223.26080451, ..., 272.91742926, 261.017384321]
                           obj: [9.6121, 0.0, ..., 301.16, 287.422]
                           std: [5.58935924311, 3.92464598768, ..., 0.703432521129, 0.672760810167]
                            x0: (3, 1, 1) array [17.6405234597, 4.00157208367, ...]

