FindParams:
                    blur_every: 0
                   blur_radius: 0
                         decay: 0.3
                     lr_params: {'lr': 100.0}
                     lr_policy: constant
                      max_iter: 750
                  push_channel: 14
                      push_dir: 1
                    push_layer: inception_3a/5x5
                  push_spatial: (14, 14)
                     push_unit: (14, 14, 14)
     px_abs_benefit_percentile: 0
         px_benefit_percentile: 0
                     rand_seed: 0
         small_norm_percentile: 20.0
          small_val_percentile: 0
                      start_at: mean_plus_rand


FindResults:
                       best_ii: 546
                      best_obj: 622.363
                       best_xx: (3, 224, 224) array [1.42108547152e-14, 1.42108547152e-14, ...]
                          dist: [1.02043931465e-14, 1531.40691267, ..., 4620.80474981, 4621.41711293]
                        idxmax: [(7, 27, 19), (7, 16, 13), ..., (14, 14, 14), (14, 14, 14)]
                            ii: [0, 1, ..., 748, 749]
                         ismax: [False, False, ..., True, True]
                       last_ii: 749
                      last_obj: 553.079
                       last_xx: (3, 224, 224) array [1.42108547152e-14, 1.42108547152e-14, ...]
                   majority_ii: 3
                  majority_obj: 261.791
                   majority_xx: (3, 224, 224) array [6.05069954667, 6.05069954667, ...]
                   meta_result: Metaresult: majority success
                          norm: [20.5668045944, 3192.25377846, ..., 363.345686311, 371.092198846]
                           obj: [0.0, 0.0, ..., 573.604, 553.079]
                           std: [5.58935924311, 4.020072176, ..., 0.936507712835, 0.956474012377]
                            x0: (3, 1, 1) array [17.6405234597, 4.00157208367, ...]

