FindParams:
                    blur_every: 0
                   blur_radius: 0
                         decay: 0.3
                     lr_params: {'lr': 100.0}
                     lr_policy: constant
                      max_iter: 750
                  push_channel: 10
                      push_dir: 1
                    push_layer: inception_3a/5x5_reduce
                  push_spatial: (14, 14)
                     push_unit: (10, 14, 14)
     px_abs_benefit_percentile: 0
         px_benefit_percentile: 0
                     rand_seed: 0
         small_norm_percentile: 20.0
          small_val_percentile: 0
                      start_at: mean_plus_rand


FindResults:
                       best_ii: 675
                      best_obj: 347.049
                       best_xx: (3, 224, 224) array [1.42108547152e-14, 1.42108547152e-14, ...]
                          dist: [1.02043931465e-14, 1396.24978319, ..., 4613.24573838, 4612.90290968]
                        idxmax: [(9, 1, 0), (9, 1, 0), ..., (10, 14, 14), (10, 14, 14)]
                            ii: [0, 1, ..., 748, 749]
                         ismax: [False, False, ..., True, True]
                       last_ii: 749
                      last_obj: 302.381
                       last_xx: (3, 224, 224) array [1.42108547152e-14, 1.42108547152e-14, ...]
                   majority_ii: 3
                  majority_obj: 141.005
                   majority_xx: (3, 224, 224) array [6.05069954667, 6.05069954667, ...]
                   meta_result: Metaresult: majority success
                          norm: [20.5668045944, 3222.94674142, ..., 238.645624064, 232.35390687]
                           obj: [7.35673, 18.1822, ..., 308.736, 302.381]
                           std: [5.58935924311, 3.92391377386, ..., 0.615098694016, 0.598882047014]
                            x0: (3, 1, 1) array [17.6405234597, 4.00157208367, ...]

