FindParams:
                    blur_every: 0
                   blur_radius: 0
                         decay: 0.3
                     lr_params: {'lr': 100.0}
                     lr_policy: constant
                      max_iter: 750
                  push_channel: 5
                      push_dir: 1
                    push_layer: inception_3a/5x5_reduce
                  push_spatial: (14, 14)
                     push_unit: (5, 14, 14)
     px_abs_benefit_percentile: 0
         px_benefit_percentile: 0
                     rand_seed: 0
         small_norm_percentile: 20.0
          small_val_percentile: 0
                      start_at: mean_plus_rand


FindResults:
                       best_ii: 605
                      best_obj: 437.571
                       best_xx: (3, 224, 224) array [1.42108547152e-14, 1.42108547152e-14, ...]
                          dist: [1.02043931465e-14, 1398.3337649, ..., 4615.77781887, 4615.16634767]
                        idxmax: [(9, 1, 0), (6, 13, 13), ..., (5, 14, 14), (5, 14, 14)]
                            ii: [0, 1, ..., 748, 749]
                         ismax: [False, False, ..., True, True]
                       last_ii: 749
                      last_obj: 359.974
                       last_xx: (3, 224, 224) array [1.42108547152e-14, 1.42108547152e-14, ...]
                   majority_ii: 3
                  majority_obj: 139.987
                   majority_xx: (3, 224, 224) array [6.05069954667, 6.05069954667, ...]
                   meta_result: Metaresult: majority success
                          norm: [20.5668045944, 3225.5656103, ..., 284.449890353, 272.751324628]
                           obj: [7.878, 16.514, ..., 397.079, 359.974]
                           std: [5.58935924311, 3.930657004, ..., 0.73315720374, 0.703004671238]
                            x0: (3, 1, 1) array [17.6405234597, 4.00157208367, ...]

