FindParams:
                    blur_every: 0
                   blur_radius: 0
                         decay: 0.3
                     lr_params: {'lr': 100.0}
                     lr_policy: constant
                      max_iter: 750
                  push_channel: 5
                      push_dir: 1
                    push_layer: inception_3a/5x5
                  push_spatial: (14, 14)
                     push_unit: (5, 14, 14)
     px_abs_benefit_percentile: 0
         px_benefit_percentile: 0
                     rand_seed: 0
         small_norm_percentile: 20.0
          small_val_percentile: 0
                      start_at: mean_plus_rand


FindResults:
                       best_ii: 615
                      best_obj: 531.646
                       best_xx: (3, 224, 224) array [1.42108547152e-14, 1.42108547152e-14, ...]
                          dist: [1.02043931465e-14, 1530.49430732, ..., 4619.20483651, 4619.84550015]
                        idxmax: [(7, 27, 19), (27, 15, 12), ..., (5, 14, 14), (5, 14, 14)]
                            ii: [0, 1, ..., 748, 749]
                         ismax: [False, False, ..., True, True]
                       last_ii: 749
                      last_obj: 487.605
                       last_xx: (3, 224, 224) array [1.42108547152e-14, 1.42108547152e-14, ...]
                   majority_ii: 2
                  majority_obj: 158.515
                   majority_xx: (3, 224, 224) array [8.64385649524, 8.64385649524, ...]
                   meta_result: Metaresult: majority success
                          norm: [20.5668045944, 3191.64177092, ..., 328.974019009, 336.688461417]
                           obj: [0.0, 0.0, ..., 493.049, 487.605]
                           std: [5.58935924311, 4.01949278833, ..., 0.847916242421, 0.867799879288]
                            x0: (3, 1, 1) array [17.6405234597, 4.00157208367, ...]

