FindParams:
                    blur_every: 0
                   blur_radius: 0
                         decay: 0.3
                     lr_params: {'lr': 100.0}
                     lr_policy: constant
                      max_iter: 750
                  push_channel: 6
                      push_dir: 1
                    push_layer: inception_3a/5x5
                  push_spatial: (14, 14)
                     push_unit: (6, 14, 14)
     px_abs_benefit_percentile: 0
         px_benefit_percentile: 0
                     rand_seed: 0
         small_norm_percentile: 20.0
          small_val_percentile: 0
                      start_at: mean_plus_rand


FindResults:
                       best_ii: 618
                      best_obj: 861.395
                       best_xx: (3, 224, 224) array [1.42108547152e-14, 1.42108547152e-14, ...]
                          dist: [1.02043931465e-14, 1519.87540573, ..., 4627.28975599, 4627.16406128]
                        idxmax: [(7, 27, 19), (8, 15, 14), ..., (6, 14, 14), (6, 14, 14)]
                            ii: [0, 1, ..., 748, 749]
                         ismax: [False, False, ..., True, True]
                       last_ii: 749
                      last_obj: 796.101
                       last_xx: (3, 224, 224) array [1.42108547152e-14, 1.42108547152e-14, ...]
                   majority_ii: 3
                  majority_obj: 291.675
                   majority_xx: (3, 224, 224) array [6.05069954667, 6.05069954667, ...]
                   meta_result: Metaresult: majority success
                          norm: [20.5668045944, 3195.52645641, ..., 436.562888017, 434.771711034]
                           obj: [0.0, 0.0, ..., 782.3, 796.101]
                           std: [5.58935924311, 4.01305400798, ..., 1.12522187712, 1.12060519695]
                            x0: (3, 1, 1) array [17.6405234597, 4.00157208367, ...]

