FindParams:
                    blur_every: 0
                   blur_radius: 0
                         decay: 0.3
                     lr_params: {'lr': 100.0}
                     lr_policy: constant
                      max_iter: 750
                  push_channel: 13
                      push_dir: 1
                    push_layer: inception_3a/5x5_reduce
                  push_spatial: (14, 14)
                     push_unit: (13, 14, 14)
     px_abs_benefit_percentile: 0
         px_benefit_percentile: 0
                     rand_seed: 0
         small_norm_percentile: 20.0
          small_val_percentile: 0
                      start_at: mean_plus_rand


FindResults:
                       best_ii: 66
                      best_obj: 410.693
                       best_xx: (3, 224, 224) array [1.05434594388e-09, 1.05434594388e-09, ...]
                          dist: [1.02043931465e-14, 1395.16217978, ..., 4617.54426488, 4617.45230491]
                        idxmax: [(9, 1, 0), (7, 13, 13), ..., (13, 14, 14), (13, 14, 14)]
                            ii: [0, 1, ..., 748, 749]
                         ismax: [False, False, ..., True, True]
                       last_ii: 749
                      last_obj: 356.158
                       last_xx: (3, 224, 224) array [1.42108547152e-14, 1.42108547152e-14, ...]
                   majority_ii: 4
                  majority_obj: 91.7095
                   majority_xx: (3, 224, 224) array [4.23548968267, 4.23548968267, ...]
                   meta_result: Metaresult: majority success
                          norm: [20.5668045944, 3223.40585368, ..., 311.096428066, 310.350773763]
                           obj: [3.04784, 4.5323, ..., 384.977, 356.158]
                           std: [5.58935924311, 3.92299020562, ..., 0.801837371064, 0.799915474097]
                            x0: (3, 1, 1) array [17.6405234597, 4.00157208367, ...]

