FindParams:
                    blur_every: 0
                   blur_radius: 0
                         decay: 0.3
                     lr_params: {'lr': 100.0}
                     lr_policy: constant
                      max_iter: 750
                  push_channel: 9
                      push_dir: 1
                    push_layer: inception_3a/5x5
                  push_spatial: (14, 14)
                     push_unit: (9, 14, 14)
     px_abs_benefit_percentile: 0
         px_benefit_percentile: 0
                     rand_seed: 0
         small_norm_percentile: 20.0
          small_val_percentile: 0
                      start_at: mean_plus_rand


FindResults:
                       best_ii: 734
                      best_obj: 581.08
                       best_xx: (3, 224, 224) array [1.42108547152e-14, 1.42108547152e-14, ...]
                          dist: [1.02043931465e-14, 1526.35195842, ..., 4618.5314084, 4618.51300077]
                        idxmax: [(7, 27, 19), (19, 12, 15), ..., (9, 14, 14), (9, 14, 14)]
                            ii: [0, 1, ..., 748, 749]
                         ismax: [False, False, ..., True, True]
                       last_ii: 749
                      last_obj: 553.887
                       last_xx: (3, 224, 224) array [1.42108547152e-14, 1.42108547152e-14, ...]
                   majority_ii: 2
                  majority_obj: 116.207
                   majority_xx: (3, 224, 224) array [8.64385649524, 8.64385649524, ...]
                   meta_result: Metaresult: majority success
                          norm: [20.5668045944, 3192.73753242, ..., 340.385149707, 338.957439879]
                           obj: [0.0, 0.0, ..., 550.46, 553.887]
                           std: [5.58935924311, 4.01669341918, ..., 0.877327897872, 0.8736480357]
                            x0: (3, 1, 1) array [17.6405234597, 4.00157208367, ...]

