FindParams:
                    blur_every: 0
                   blur_radius: 0
                         decay: 0.3
                     lr_params: {'lr': 100.0}
                     lr_policy: constant
                      max_iter: 750
                  push_channel: 2
                      push_dir: 1
                    push_layer: inception_3a/5x5_reduce
                  push_spatial: (14, 14)
                     push_unit: (2, 14, 14)
     px_abs_benefit_percentile: 0
         px_benefit_percentile: 0
                     rand_seed: 0
         small_norm_percentile: 20.0
          small_val_percentile: 0
                      start_at: mean_plus_rand


FindResults:
                       best_ii: 88
                      best_obj: 313.071
                       best_xx: (3, 224, 224) array [4.12114786741e-13, 4.12114786741e-13, ...]
                          dist: [1.02043931465e-14, 1394.24819086, ..., 4613.48706533, 4614.23727011]
                        idxmax: [(9, 1, 0), (7, 13, 13), ..., (2, 14, 14), (2, 14, 14)]
                            ii: [0, 1, ..., 748, 749]
                         ismax: [False, False, ..., True, True]
                       last_ii: 749
                      last_obj: 266.387
                       last_xx: (3, 224, 224) array [1.42108547152e-14, 1.42108547152e-14, ...]
                   majority_ii: 4
                  majority_obj: 202.676
                   majority_xx: (3, 224, 224) array [4.23548968267, 4.23548968267, ...]
                   meta_result: Metaresult: majority success
                          norm: [20.5668045944, 3224.63150365, ..., 223.757657084, 232.756207638]
                           obj: [20.2265, 0.0, ..., 309.489, 266.387]
                           std: [5.58935924311, 3.92687065763, ..., 0.576725318638, 0.599918566476]
                            x0: (3, 1, 1) array [17.6405234597, 4.00157208367, ...]

