FindParams:
                    blur_every: 0
                   blur_radius: 0
                         decay: 0.3
                     lr_params: {'lr': 100.0}
                     lr_policy: constant
                      max_iter: 750
                  push_channel: 26
                      push_dir: 1
                    push_layer: inception_3a/5x5
                  push_spatial: (14, 14)
                     push_unit: (26, 14, 14)
     px_abs_benefit_percentile: 0
         px_benefit_percentile: 0
                     rand_seed: 0
         small_norm_percentile: 20.0
          small_val_percentile: 0
                      start_at: mean_plus_rand


FindResults:
                       best_ii: 244
                      best_obj: 654.823
                       best_xx: (3, 224, 224) array [1.42108547152e-14, 1.42108547152e-14, ...]
                          dist: [1.02043931465e-14, 1524.42761441, ..., 4620.73046089, 4620.41226153]
                        idxmax: [(7, 27, 19), (7, 10, 12), ..., (26, 14, 14), (26, 14, 14)]
                            ii: [0, 1, ..., 748, 749]
                         ismax: [False, False, ..., True, True]
                       last_ii: 749
                      last_obj: 623.101
                       last_xx: (3, 224, 224) array [1.42108547152e-14, 1.42108547152e-14, ...]
                   majority_ii: 4
                  majority_obj: 433.906
                   majority_xx: (3, 224, 224) array [4.23548968267, 4.23548968267, ...]
                   meta_result: Metaresult: majority success
                          norm: [20.5668045944, 3193.74500585, ..., 354.430071865, 353.252907706]
                           obj: [0.678268, 13.9743, ..., 624.993, 623.101]
                           std: [5.58935924311, 4.01644400058, ..., 0.913527837529, 0.910493820167]
                            x0: (3, 1, 1) array [17.6405234597, 4.00157208367, ...]

