FindParams:
                    blur_every: 0
                   blur_radius: 0
                         decay: 0.3
                     lr_params: {'lr': 100.0}
                     lr_policy: constant
                      max_iter: 750
                  push_channel: 7
                      push_dir: 1
                    push_layer: inception_3a/5x5_reduce
                  push_spatial: (14, 14)
                     push_unit: (7, 14, 14)
     px_abs_benefit_percentile: 0
         px_benefit_percentile: 0
                     rand_seed: 0
         small_norm_percentile: 20.0
          small_val_percentile: 0
                      start_at: mean_plus_rand


FindResults:
                       best_ii: 697
                      best_obj: 299.4
                       best_xx: (3, 224, 224) array [1.42108547152e-14, 1.42108547152e-14, ...]
                          dist: [1.02043931465e-14, 1398.70590182, ..., 4612.72585012, 4613.99289049]
                        idxmax: [(9, 1, 0), (6, 14, 13), ..., (7, 14, 14), (7, 14, 14)]
                            ii: [0, 1, ..., 748, 749]
                         ismax: [False, False, ..., True, True]
                       last_ii: 749
                      last_obj: 264.01
                       last_xx: (3, 224, 224) array [1.42108547152e-14, 1.42108547152e-14, ...]
                   majority_ii: 2
                  majority_obj: 126.755
                   majority_xx: (3, 224, 224) array [8.64385649524, 8.64385649524, ...]
                   meta_result: Metaresult: majority success
                          norm: [20.5668045944, 3222.67125878, ..., 217.517048675, 248.505893315]
                           obj: [0.0, 46.4977, ..., 230.235, 264.01]
                           std: [5.58935924311, 3.92598631739, ..., 0.560640541586, 0.640512917648]
                            x0: (3, 1, 1) array [17.6405234597, 4.00157208367, ...]

