FindParams:
                    blur_every: 0
                   blur_radius: 0
                         decay: 0.3
                     lr_params: {'lr': 100.0}
                     lr_policy: constant
                      max_iter: 750
                  push_channel: 11
                      push_dir: 1
                    push_layer: inception_3a/5x5
                  push_spatial: (14, 14)
                     push_unit: (11, 14, 14)
     px_abs_benefit_percentile: 0
         px_benefit_percentile: 0
                     rand_seed: 0
         small_norm_percentile: 20.0
          small_val_percentile: 0
                      start_at: mean_plus_rand


FindResults:
                       best_ii: 719
                      best_obj: 568.109
                       best_xx: (3, 224, 224) array [1.42108547152e-14, 1.42108547152e-14, ...]
                          dist: [1.02043931465e-14, 1520.41492884, ..., 4619.63167339, 4618.86626855]
                        idxmax: [(7, 27, 19), (16, 9, 13), ..., (11, 14, 14), (11, 14, 14)]
                            ii: [0, 1, ..., 748, 749]
                         ismax: [False, False, ..., True, True]
                       last_ii: 749
                      last_obj: 528.983
                       last_xx: (3, 224, 224) array [1.42108547152e-14, 1.42108547152e-14, ...]
                   majority_ii: 2
                  majority_obj: 128.756
                   majority_xx: (3, 224, 224) array [8.64385649524, 8.64385649524, ...]
                   meta_result: Metaresult: majority success
                          norm: [20.5668045944, 3193.84387154, ..., 357.755018611, 346.826144303]
                           obj: [0.0, 3.09885, ..., 483.601, 528.983]
                           std: [5.58935924311, 4.01183851264, ..., 0.922098008403, 0.89392930239]
                            x0: (3, 1, 1) array [17.6405234597, 4.00157208367, ...]

