FindParams:
                    blur_every: 0
                   blur_radius: 0
                         decay: 0.3
                     lr_params: {'lr': 100.0}
                     lr_policy: constant
                      max_iter: 750
                  push_channel: 79
                      push_dir: 1
                    push_layer: inception_3a/pool
                  push_spatial: (14, 14)
                     push_unit: (79, 14, 14)
     px_abs_benefit_percentile: 0
         px_benefit_percentile: 0
                     rand_seed: 0
         small_norm_percentile: 20.0
          small_val_percentile: 0
                      start_at: mean_plus_rand


FindResults:
                       best_ii: 557
                      best_obj: 134.022
                       best_xx: (3, 224, 224) array [1.42108547152e-14, 1.42108547152e-14, ...]
                          dist: [1.02043931465e-14, 1400.91115968, ..., 4608.60749556, 4608.56602274]
                        idxmax: [(24, 0, 0), (17, 11, 12), ..., (79, 11, 11), (79, 11, 11)]
                            ii: [0, 1, ..., 748, 749]
                         ismax: [False, False, ..., False, False]
                       last_ii: 749
                      last_obj: 125.705
                       last_xx: (3, 224, 224) array [1.42108547152e-14, 1.42108547152e-14, ...]
                  majority_obj: None
                   majority_xx: None
                   meta_result: Metaresult: majority failure
                          norm: [20.5668045944, 3227.77707342, ..., 124.7036826, 123.130398574]
                           obj: [4.35462, 49.2025, ..., 124.018, 125.705]
                           std: [5.58935924311, 3.93998698911, ..., 0.321418304356, 0.317363235669]
                            x0: (3, 1, 1) array [17.6405234597, 4.00157208367, ...]

