FindParams:
                    blur_every: 0
                   blur_radius: 0
                         decay: 0.3
                     lr_params: {'lr': 100.0}
                     lr_policy: constant
                      max_iter: 750
                  push_channel: 110
                      push_dir: 1
                    push_layer: inception_3a/pool
                  push_spatial: (14, 14)
                     push_unit: (110, 14, 14)
     px_abs_benefit_percentile: 0
         px_benefit_percentile: 0
                     rand_seed: 0
         small_norm_percentile: 20.0
          small_val_percentile: 0
                      start_at: mean_plus_rand


FindResults:
                       best_ii: 2
                      best_obj: 135.101
                       best_xx: (3, 224, 224) array [8.64385649524, 8.64385649524, ...]
                          dist: [1.02043931465e-14, 1404.04206111, ..., 4607.74595905, 4607.71760249]
                        idxmax: [(24, 0, 0), (33, 10, 11), ..., (110, 11, 11), (110, 11, 11)]
                            ii: [0, 1, ..., 748, 749]
                         ismax: [False, False, ..., False, False]
                       last_ii: 749
                      last_obj: 132.513
                       last_xx: (3, 224, 224) array [1.42108547152e-14, 1.42108547152e-14, ...]
                  majority_obj: None
                   majority_xx: None
                   meta_result: Metaresult: majority failure
                          norm: [20.5668045944, 3232.50613917, ..., 89.064578168, 86.6898608373]
                           obj: [2.90852, 131.731, ..., 133.425, 132.513]
                           std: [5.58935924311, 3.9593805331, ..., 0.22956007631, 0.223439347531]
                            x0: (3, 1, 1) array [17.6405234597, 4.00157208367, ...]

