FindParams:
                    blur_every: 0
                   blur_radius: 0
                         decay: 0.3
                     lr_params: {'lr': 100.0}
                     lr_policy: constant
                      max_iter: 750
                  push_channel: 55
                      push_dir: 1
                    push_layer: inception_3a/pool
                  push_spatial: (14, 14)
                     push_unit: (55, 14, 14)
     px_abs_benefit_percentile: 0
         px_benefit_percentile: 0
                     rand_seed: 0
         small_norm_percentile: 20.0
          small_val_percentile: 0
                      start_at: mean_plus_rand


FindResults:
                       best_ii: 358
                      best_obj: 137.063
                       best_xx: (3, 224, 224) array [1.42108547152e-14, 1.42108547152e-14, ...]
                          dist: [1.02043931465e-14, 1399.8179426, ..., 4608.04302264, 4608.2091383]
                        idxmax: [(24, 0, 0), (100, 11, 11), ..., (55, 12, 13), (100, 12, 12)]
                            ii: [0, 1, ..., 748, 749]
                         ismax: [False, False, ..., False, False]
                       last_ii: 749
                      last_obj: 121.824
                       last_xx: (3, 224, 224) array [1.42108547152e-14, 1.42108547152e-14, ...]
                  majority_obj: None
                   majority_xx: None
                   meta_result: Metaresult: majority failure
                          norm: [20.5668045944, 3226.17530432, ..., 96.4880769592, 103.922413622]
                           obj: [1.4593, 31.7555, ..., 130.724, 121.824]
                           std: [5.58935924311, 3.93578130167, ..., 0.248693768753, 0.267855451403]
                            x0: (3, 1, 1) array [17.6405234597, 4.00157208367, ...]

