FindParams:
                    blur_every: 0
                   blur_radius: 0
                         decay: 0.3
                     lr_params: {'lr': 100.0}
                     lr_policy: constant
                      max_iter: 750
                  push_channel: 31
                      push_dir: 1
                    push_layer: inception_3a/pool
                  push_spatial: (14, 14)
                     push_unit: (31, 14, 14)
     px_abs_benefit_percentile: 0
         px_benefit_percentile: 0
                     rand_seed: 0
         small_norm_percentile: 20.0
          small_val_percentile: 0
                      start_at: mean_plus_rand


FindResults:
                       best_ii: 366
                      best_obj: 129.852
                       best_xx: (3, 224, 224) array [1.42108547152e-14, 1.42108547152e-14, ...]
                          dist: [1.02043931465e-14, 1396.36607341, ..., 4608.24831697, 4608.31922729]
                        idxmax: [(24, 0, 0), (100, 11, 11), ..., (31, 11, 11), (38, 12, 11)]
                            ii: [0, 1, ..., 748, 749]
                         ismax: [False, False, ..., False, False]
                       last_ii: 749
                      last_obj: 122.125
                       last_xx: (3, 224, 224) array [1.42108547152e-14, 1.42108547152e-14, ...]
                  majority_obj: None
                   majority_xx: None
                   meta_result: Metaresult: majority failure
                          norm: [20.5668045944, 3224.69228056, ..., 109.15320502, 112.195698616]
                           obj: [7.73009, 40.2713, ..., 123.344, 122.125]
                           std: [5.58935924311, 3.92658154672, ..., 0.281337600829, 0.289179493367]
                            x0: (3, 1, 1) array [17.6405234597, 4.00157208367, ...]

