FindParams:
                    blur_every: 0
                   blur_radius: 0
                         decay: 0.3
                     lr_params: {'lr': 100.0}
                     lr_policy: constant
                      max_iter: 750
                  push_channel: 32
                      push_dir: 1
                    push_layer: inception_3a/pool
                  push_spatial: (14, 14)
                     push_unit: (32, 14, 14)
     px_abs_benefit_percentile: 0
         px_benefit_percentile: 0
                     rand_seed: 0
         small_norm_percentile: 20.0
          small_val_percentile: 0
                      start_at: mean_plus_rand


FindResults:
                       best_ii: 0
                      best_obj: 77.5602
                       best_xx: (3, 1, 1) array [17.6405234597, 4.00157208367, ...]
                          dist: [1.02043931465e-14, 1395.05102756, ..., 3035.34205151, 3507.57230927]
                        idxmax: [(24, 0, 0), (100, 11, 11), ..., (100, 13, 11), (100, 13, 13)]
                            ii: [0, 1, ..., 3, 4]
                         ismax: [False, False, ..., False, False]
                       last_ii: 4
                      last_obj: 0.0
                       last_xx: (3, 224, 224) array [4.23548968267, 4.23548968267, ...]
                  majority_obj: None
                   majority_xx: None
                   meta_result: Metaresult: grad 0 failure
                          norm: [20.5668045944, 3225.55583888, ..., 1589.09570696, 1122.98746777]
                           obj: [77.5602, 60.9102, ..., 37.2447, 0.0]
                           std: [5.58935924311, 3.92832594595, ..., 1.97325196053, 1.43560819202]
                            x0: (3, 1, 1) array [17.6405234597, 4.00157208367, ...]

