FindParams:
                    blur_every: 0
                   blur_radius: 0
                         decay: 0.3
                     lr_params: {'lr': 100.0}
                     lr_policy: constant
                      max_iter: 750
                  push_channel: 11
                      push_dir: 1
                    push_layer: inception_3a/pool_proj
                  push_spatial: (14, 14)
                     push_unit: (11, 14, 14)
     px_abs_benefit_percentile: 0
         px_benefit_percentile: 0
                     rand_seed: 0
         small_norm_percentile: 20.0
          small_val_percentile: 0
                      start_at: mean_plus_rand


FindResults:
                       best_ii: 734
                      best_obj: 203.675
                       best_xx: (3, 224, 224) array [1.42108547152e-14, 1.42108547152e-14, ...]
                          dist: [1.02043931465e-14, 1397.36821499, ..., 4618.33986345, 4616.25890721]
                        idxmax: [(26, 26, 0), (26, 11, 14), ..., (4, 12, 16), (11, 14, 14)]
                            ii: [0, 1, ..., 748, 749]
                         ismax: [False, False, ..., False, True]
                       last_ii: 749
                      last_obj: 161.909
                       last_xx: (3, 224, 224) array [1.42108547152e-14, 1.42108547152e-14, ...]
                   majority_ii: 12
                  majority_obj: 126.82
                   majority_xx: (3, 224, 224) array [0.244167551581, 0.244167551581, ...]
                   meta_result: Metaresult: majority success
                          norm: [20.5668045944, 3224.40695553, ..., 327.533571818, 291.766399689]
                           obj: [16.9368, 0.0, ..., 131.688, 161.909]
                           std: [5.58935924311, 3.92671802192, ..., 0.844203025388, 0.752014818608]
                            x0: (3, 1, 1) array [17.6405234597, 4.00157208367, ...]

