FindParams:
                    blur_every: 0
                   blur_radius: 0
                         decay: 0.3
                     lr_params: {'lr': 100.0}
                     lr_policy: constant
                      max_iter: 750
                  push_channel: 83
                      push_dir: 1
                    push_layer: inception_3a/pool
                  push_spatial: (14, 14)
                     push_unit: (83, 14, 14)
     px_abs_benefit_percentile: 0
         px_benefit_percentile: 0
                     rand_seed: 0
         small_norm_percentile: 20.0
          small_val_percentile: 0
                      start_at: mean_plus_rand


FindResults:
                       best_ii: 126
                      best_obj: 137.291
                       best_xx: (3, 224, 224) array [1.42108547152e-14, 1.42108547152e-14, ...]
                          dist: [1.02043931465e-14, 1628.92332155, ..., 4607.83360661, 4608.28368479]
                        idxmax: [(24, 0, 0), (168, 12, 12), ..., (83, 12, 12), (26, 12, 12)]
                            ii: [0, 1, ..., 748, 749]
                         ismax: [False, False, ..., False, False]
                       last_ii: 749
                      last_obj: 111.992
                       last_xx: (3, 224, 224) array [1.42108547152e-14, 1.42108547152e-14, ...]
                  majority_obj: None
                   majority_xx: None
                   meta_result: Metaresult: majority failure
                          norm: [20.5668045944, 3337.03144572, ..., 93.6821067266, 114.827454131]
                           obj: [7.65806, 70.9909, ..., 129.655, 111.992]
                           std: [5.58935924311, 4.49610217569, ..., 0.241461546887, 0.295962757761]
                            x0: (3, 1, 1) array [17.6405234597, 4.00157208367, ...]

