FindParams:
                    blur_every: 0
                   blur_radius: 0
                         decay: 0.3
                     lr_params: {'lr': 100.0}
                     lr_policy: constant
                      max_iter: 750
                  push_channel: 135
                      push_dir: 1
                    push_layer: inception_3a/pool
                  push_spatial: (14, 14)
                     push_unit: (135, 14, 14)
     px_abs_benefit_percentile: 0
         px_benefit_percentile: 0
                     rand_seed: 0
         small_norm_percentile: 20.0
          small_val_percentile: 0
                      start_at: mean_plus_rand


FindResults:
                       best_ii: 617
                      best_obj: 130.896
                       best_xx: (3, 224, 224) array [1.42108547152e-14, 1.42108547152e-14, ...]
                          dist: [1.02043931465e-14, 1395.46941246, ..., 4607.7236666, 4607.71051359]
                        idxmax: [(24, 0, 0), (24, 0, 0), ..., (135, 11, 11), (135, 11, 11)]
                            ii: [0, 1, ..., 748, 749]
                         ismax: [False, False, ..., False, False]
                       last_ii: 749
                      last_obj: 129.558
                       last_xx: (3, 224, 224) array [1.42108547152e-14, 1.42108547152e-14, ...]
                  majority_obj: None
                   majority_xx: None
                   meta_result: Metaresult: majority failure
                          norm: [20.5668045944, 3225.65384298, ..., 94.3495831758, 93.9143389435]
                           obj: [12.9532, 58.5979, ..., 129.939, 129.558]
                           std: [5.58935924311, 3.93018256432, ..., 0.243181951725, 0.242060127839]
                            x0: (3, 1, 1) array [17.6405234597, 4.00157208367, ...]

