FindParams:
                    blur_every: 0
                   blur_radius: 0
                         decay: 0.3
                     lr_params: {'lr': 100.0}
                     lr_policy: constant
                      max_iter: 750
                  push_channel: 0
                      push_dir: 1
                    push_layer: inception_3a/pool_proj
                  push_spatial: (14, 14)
                     push_unit: (0, 14, 14)
     px_abs_benefit_percentile: 0
         px_benefit_percentile: 0
                     rand_seed: 0
         small_norm_percentile: 20.0
          small_val_percentile: 0
                      start_at: mean_plus_rand


FindResults:
                       best_ii: 669
                      best_obj: 203.782
                       best_xx: (3, 224, 224) array [1.42108547152e-14, 1.42108547152e-14, ...]
                          dist: [1.02043931465e-14, 1398.62538163, ..., 4614.90743703, 4615.54351366]
                        idxmax: [(26, 26, 0), (30, 13, 12), ..., (0, 14, 14), (0, 14, 14)]
                            ii: [0, 1, ..., 748, 749]
                         ismax: [False, False, ..., True, True]
                       last_ii: 749
                      last_obj: 149.695
                       last_xx: (3, 224, 224) array [1.42108547152e-14, 1.42108547152e-14, ...]
                   majority_ii: 16
                  majority_obj: 157.047
                   majority_xx: (3, 224, 224) array [0.0586246291347, 0.0586246291347, ...]
                   meta_result: Metaresult: majority success
                          norm: [20.5668045944, 3227.2448728, ..., 277.9138064, 285.719770778]
                           obj: [36.3832, 0.0, ..., 176.963, 149.695]
                           std: [5.58935924311, 3.93641053925, ..., 0.71631073279, 0.736430264982]
                            x0: (3, 1, 1) array [17.6405234597, 4.00157208367, ...]

