FindParams:
                    blur_every: 0
                   blur_radius: 0
                         decay: 0.3
                     lr_params: {'lr': 100.0}
                     lr_policy: constant
                      max_iter: 750
                  push_channel: 8
                      push_dir: 1
                    push_layer: inception_3a/pool_proj
                  push_spatial: (14, 14)
                     push_unit: (8, 14, 14)
     px_abs_benefit_percentile: 0
         px_benefit_percentile: 0
                     rand_seed: 0
         small_norm_percentile: 20.0
          small_val_percentile: 0
                      start_at: mean_plus_rand


FindResults:
                       best_ii: 93
                      best_obj: 269.066
                       best_xx: (3, 224, 224) array [7.1054273576e-14, 7.1054273576e-14, ...]
                          dist: [1.02043931465e-14, 1396.04850284, ..., 4618.76436278, 4617.27827821]
                        idxmax: [(26, 26, 0), (26, 12, 14), ..., (8, 14, 14), (8, 14, 14)]
                            ii: [0, 1, ..., 748, 749]
                         ismax: [False, False, ..., True, True]
                       last_ii: 749
                      last_obj: 220.513
                       last_xx: (3, 224, 224) array [1.42108547152e-14, 1.42108547152e-14, ...]
                   majority_ii: 6
                  majority_obj: 177.049
                   majority_xx: (3, 224, 224) array [2.07538994451, 2.07538994451, ...]
                   meta_result: Metaresult: majority success
                          norm: [20.5668045944, 3222.85003055, ..., 350.733737292, 330.557833865]
                           obj: [12.3064, 32.9292, ..., 220.081, 220.513]
                           std: [5.58935924311, 3.92380081181, ..., 0.904000962511, 0.85199841846]
                            x0: (3, 1, 1) array [17.6405234597, 4.00157208367, ...]

