FindParams:
                    blur_every: 0
                   blur_radius: 0
                         decay: 0.3
                     lr_params: {'lr': 100.0}
                     lr_policy: constant
                      max_iter: 750
                  push_channel: 23
                      push_dir: 1
                    push_layer: inception_3a/pool
                  push_spatial: (14, 14)
                     push_unit: (23, 14, 14)
     px_abs_benefit_percentile: 0
         px_benefit_percentile: 0
                     rand_seed: 0
         small_norm_percentile: 20.0
          small_val_percentile: 0
                      start_at: mean_plus_rand


FindResults:
                       best_ii: 79
                      best_obj: 134.271
                       best_xx: (3, 224, 224) array [1.02176045402e-11, 1.02176045402e-11, ...]
                          dist: [1.02043931465e-14, 1409.07006692, ..., 4608.16806664, 4608.53126679]
                        idxmax: [(24, 0, 0), (100, 12, 11), ..., (23, 11, 12), (100, 11, 12)]
                            ii: [0, 1, ..., 748, 749]
                         ismax: [False, False, ..., False, False]
                       last_ii: 749
                      last_obj: 103.906
                       last_xx: (3, 224, 224) array [1.42108547152e-14, 1.42108547152e-14, ...]
                  majority_obj: None
                   majority_xx: None
                   meta_result: Metaresult: majority failure
                          norm: [20.5668045944, 3233.30647099, ..., 106.321543653, 121.171870804]
                           obj: [3.6159, 20.8403, ..., 121.805, 103.906]
                           std: [5.58935924311, 3.96203624853, ..., 0.274039112557, 0.312315195559]
                            x0: (3, 1, 1) array [17.6405234597, 4.00157208367, ...]

