FindParams:
                    blur_every: 0
                   blur_radius: 0
                         decay: 0.3
                     lr_params: {'lr': 100.0}
                     lr_policy: constant
                      max_iter: 750
                  push_channel: 10
                      push_dir: 1
                    push_layer: inception_3a/pool_proj
                  push_spatial: (14, 14)
                     push_unit: (10, 14, 14)
     px_abs_benefit_percentile: 0
         px_benefit_percentile: 0
                     rand_seed: 0
         small_norm_percentile: 20.0
          small_val_percentile: 0
                      start_at: mean_plus_rand


FindResults:
                       best_ii: 372
                      best_obj: 444.961
                       best_xx: (3, 224, 224) array [1.42108547152e-14, 1.42108547152e-14, ...]
                          dist: [1.02043931465e-14, 1396.6924852, ..., 4621.35812587, 4622.06018416]
                        idxmax: [(26, 26, 0), (26, 11, 14), ..., (10, 13, 14), (10, 14, 14)]
                            ii: [0, 1, ..., 748, 749]
                         ismax: [False, False, ..., False, True]
                       last_ii: 749
                      last_obj: 366.405
                       last_xx: (3, 224, 224) array [1.42108547152e-14, 1.42108547152e-14, ...]
                   majority_ii: 7
                  majority_obj: 304.817
                   majority_xx: (3, 224, 224) array [1.45277296116, 1.45277296116, ...]
                   meta_result: Metaresult: majority success
                          norm: [20.5668045944, 3224.11789811, ..., 371.259903605, 379.18387291]
                           obj: [0.0, 39.9495, ..., 347.315, 366.405]
                           std: [5.58935924311, 3.92557796064, ..., 0.956906224296, 0.977329835165]
                            x0: (3, 1, 1) array [17.6405234597, 4.00157208367, ...]

