FindParams:
                    blur_every: 0
                   blur_radius: 0
                         decay: 0.3
                     lr_params: {'lr': 100.0}
                     lr_policy: constant
                      max_iter: 750
                  push_channel: 7
                      push_dir: 1
                    push_layer: inception_3a/pool_proj
                  push_spatial: (14, 14)
                     push_unit: (7, 14, 14)
     px_abs_benefit_percentile: 0
         px_benefit_percentile: 0
                     rand_seed: 0
         small_norm_percentile: 20.0
          small_val_percentile: 0
                      start_at: mean_plus_rand


FindResults:
                       best_ii: 493
                      best_obj: 274.639
                       best_xx: (3, 224, 224) array [1.42108547152e-14, 1.42108547152e-14, ...]
                          dist: [1.02043931465e-14, 1394.81012263, ..., 4620.77318496, 4621.04497303]
                        idxmax: [(26, 26, 0), (26, 11, 14), ..., (7, 14, 14), (7, 14, 14)]
                            ii: [0, 1, ..., 748, 749]
                         ismax: [False, False, ..., True, True]
                       last_ii: 749
                      last_obj: 197.795
                       last_xx: (3, 224, 224) array [1.42108547152e-14, 1.42108547152e-14, ...]
                   majority_ii: 11
                  majority_obj: 158.658
                   majority_xx: (3, 224, 224) array [0.348810787973, 0.348810787973, ...]
                   meta_result: Metaresult: majority success
                          norm: [20.5668045944, 3224.98350879, ..., 349.6153929, 352.571493908]
                           obj: [24.2145, 28.0574, ..., 148.472, 197.795]
                           std: [5.58935924311, 3.92605726309, ..., 0.901118406842, 0.908737692436]
                            x0: (3, 1, 1) array [17.6405234597, 4.00157208367, ...]

