FindParams:
                    blur_every: 0
                   blur_radius: 0
                         decay: 0.3
                     lr_params: {'lr': 100.0}
                     lr_policy: constant
                      max_iter: 750
                  push_channel: 6
                      push_dir: 1
                    push_layer: inception_3a/pool_proj
                  push_spatial: (14, 14)
                     push_unit: (6, 14, 14)
     px_abs_benefit_percentile: 0
         px_benefit_percentile: 0
                     rand_seed: 0
         small_norm_percentile: 20.0
          small_val_percentile: 0
                      start_at: mean_plus_rand


FindResults:
                       best_ii: 688
                      best_obj: 149.779
                       best_xx: (3, 224, 224) array [1.42108547152e-14, 1.42108547152e-14, ...]
                          dist: [1.02043931465e-14, 1397.97336005, ..., 4620.33567793, 4619.87078387]
                        idxmax: [(26, 26, 0), (26, 0, 0), ..., (26, 11, 14), (9, 14, 15)]
                            ii: [0, 1, ..., 748, 749]
                         ismax: [False, False, ..., False, False]
                       last_ii: 749
                      last_obj: 58.438
                       last_xx: (3, 224, 224) array [1.42108547152e-14, 1.42108547152e-14, ...]
                   majority_ii: 688
                  majority_obj: 149.779
                   majority_xx: (3, 224, 224) array [1.42108547152e-14, 1.42108547152e-14, ...]
                   meta_result: Metaresult: majority success
                          norm: [20.5668045944, 3224.29855897, ..., 351.474920249, 345.755133888]
                           obj: [9.0699, 0.0, ..., 68.9348, 58.438]
                           std: [5.58935924311, 3.92877650662, ..., 0.90591131421, 0.891168821377]
                            x0: (3, 1, 1) array [17.6405234597, 4.00157208367, ...]

