FindParams:
                    blur_every: 0
                   blur_radius: 0
                         decay: 0.3
                     lr_params: {'lr': 100.0}
                     lr_policy: constant
                      max_iter: 750
                  push_channel: 12
                      push_dir: 1
                    push_layer: conv2/3x3_reduce
                  push_spatial: (28, 28)
                     push_unit: (12, 28, 28)
     px_abs_benefit_percentile: 0
         px_benefit_percentile: 0
                     rand_seed: 0
         small_norm_percentile: 20.0
          small_val_percentile: 0
                      start_at: mean_plus_rand


FindResults:
                       best_ii: 337
                      best_obj: 116.078
                       best_xx: (3, 224, 224) array [1.42108547152e-14, 1.42108547152e-14, ...]
                          dist: [1.02043931465e-14, 1404.53511058, ..., 4613.08891658, 4612.6408598]
                        idxmax: [(21, 1, 0), (45, 29, 28), ..., (10, 27, 28), (35, 28, 28)]
                            ii: [0, 1, ..., 748, 749]
                         ismax: [False, False, ..., False, False]
                       last_ii: 749
                      last_obj: 72.2024
                       last_xx: (3, 224, 224) array [1.42108547152e-14, 1.42108547152e-14, ...]
                  majority_obj: None
                   majority_xx: None
                   meta_result: Metaresult: majority failure
                          norm: [20.5668045944, 3234.56304197, ..., 238.850146966, 230.839555932]
                           obj: [25.9224, 0.0, ..., 0.0, 72.2024]
                           std: [5.58935924311, 3.96548164892, ..., 0.615625696342, 0.59497877049]
                            x0: (3, 1, 1) array [17.6405234597, 4.00157208367, ...]

