FindParams:
                    blur_every: 0
                   blur_radius: 0
                         decay: 0.3
                     lr_params: {'lr': 100.0}
                     lr_policy: constant
                      max_iter: 750
                  push_channel: 22
                      push_dir: 1
                    push_layer: conv2/3x3_reduce
                  push_spatial: (28, 28)
                     push_unit: (22, 28, 28)
     px_abs_benefit_percentile: 0
         px_benefit_percentile: 0
                     rand_seed: 0
         small_norm_percentile: 20.0
          small_val_percentile: 0
                      start_at: mean_plus_rand


FindResults:
                       best_ii: 405
                      best_obj: 219.128
                       best_xx: (3, 224, 224) array [1.42108547152e-14, 1.42108547152e-14, ...]
                          dist: [1.02043931465e-14, 1385.87284809, ..., 4613.0115288, 4612.79758629]
                        idxmax: [(21, 1, 0), (21, 0, 0), ..., (38, 28, 28), (38, 28, 28)]
                            ii: [0, 1, ..., 748, 749]
                         ismax: [False, False, ..., False, False]
                       last_ii: 749
                      last_obj: 146.879
                       last_xx: (3, 224, 224) array [1.42108547152e-14, 1.42108547152e-14, ...]
                   majority_ii: 44
                  majority_obj: 200.641
                   majority_xx: (3, 224, 224) array [2.69665402186e-06, 2.69665402186e-06, ...]
                   meta_result: Metaresult: majority success
                          norm: [20.5668045944, 3224.63021046, ..., 233.742067733, 229.68713664]
                           obj: [1.62864, 0.0, ..., 136.019, 146.879]
                           std: [5.58935924311, 3.91617596864, ..., 0.602460021037, 0.592008613401]
                            x0: (3, 1, 1) array [17.6405234597, 4.00157208367, ...]

