FindParams:
                    blur_every: 0
                   blur_radius: 0
                         decay: 0.3
                     lr_params: {'lr': 100.0}
                     lr_policy: constant
                      max_iter: 750
                  push_channel: 48
                      push_dir: 1
                    push_layer: conv2/3x3_reduce
                  push_spatial: (28, 28)
                     push_unit: (48, 28, 28)
     px_abs_benefit_percentile: 0
         px_benefit_percentile: 0
                     rand_seed: 0
         small_norm_percentile: 20.0
          small_val_percentile: 0
                      start_at: mean_plus_rand


FindResults:
                       best_ii: 324
                      best_obj: 110.179
                       best_xx: (3, 224, 224) array [1.42108547152e-14, 1.42108547152e-14, ...]
                          dist: [1.02043931465e-14, 1385.01828727, ..., 4608.99826112, 4609.08330746]
                        idxmax: [(21, 1, 0), (21, 0, 0), ..., (14, 28, 28), (32, 28, 29)]
                            ii: [0, 1, ..., 748, 749]
                         ismax: [False, False, ..., False, False]
                       last_ii: 749
                      last_obj: 85.3779
                       last_xx: (3, 224, 224) array [1.42108547152e-14, 1.42108547152e-14, ...]
                  majority_obj: None
                   majority_xx: None
                   meta_result: Metaresult: majority failure
                          norm: [20.5668045944, 3225.66642873, ..., 150.003376314, 152.821778889]
                           obj: [19.163, 0.0, ..., 96.3383, 85.3779]
                           std: [5.58935924311, 3.91835022207, ..., 0.386626959172, 0.393891273434]
                            x0: (3, 1, 1) array [17.6405234597, 4.00157208367, ...]

