FindParams:
                    blur_every: 0
                   blur_radius: 0
                         decay: 0.3
                     lr_params: {'lr': 100.0}
                     lr_policy: constant
                      max_iter: 750
                  push_channel: 43
                      push_dir: 1
                    push_layer: conv2/3x3_reduce
                  push_spatial: (28, 28)
                     push_unit: (43, 28, 28)
     px_abs_benefit_percentile: 0
         px_benefit_percentile: 0
                     rand_seed: 0
         small_norm_percentile: 20.0
          small_val_percentile: 0
                      start_at: mean_plus_rand


FindResults:
                       best_ii: 316
                      best_obj: 317.645
                       best_xx: (3, 224, 224) array [1.42108547152e-14, 1.42108547152e-14, ...]
                          dist: [1.02043931465e-14, 1385.74483287, ..., 4611.46524142, 4611.24837719]
                        idxmax: [(21, 1, 0), (21, 0, 0), ..., (43, 28, 28), (43, 28, 28)]
                            ii: [0, 1, ..., 748, 749]
                         ismax: [False, False, ..., True, True]
                       last_ii: 749
                      last_obj: 296.418
                       last_xx: (3, 224, 224) array [1.42108547152e-14, 1.42108547152e-14, ...]
                   majority_ii: 2
                  majority_obj: 245.261
                   majority_xx: (3, 224, 224) array [8.64385649524, 8.64385649524, ...]
                   meta_result: Metaresult: majority success
                          norm: [20.5668045944, 3225.57153554, ..., 202.046834959, 197.290762198]
                           obj: [0.0, 18.2864, ..., 304.486, 296.418]
                           std: [5.58935924311, 3.91758896082, ..., 0.520766933735, 0.508508357984]
                            x0: (3, 1, 1) array [17.6405234597, 4.00157208367, ...]

