FindParams:
                    blur_every: 0
                   blur_radius: 0
                         decay: 0.3
                     lr_params: {'lr': 100.0}
                     lr_policy: constant
                      max_iter: 750
                  push_channel: 33
                      push_dir: 1
                    push_layer: conv2/3x3_reduce
                  push_spatial: (28, 28)
                     push_unit: (33, 28, 28)
     px_abs_benefit_percentile: 0
         px_benefit_percentile: 0
                     rand_seed: 0
         small_norm_percentile: 20.0
          small_val_percentile: 0
                      start_at: mean_plus_rand


FindResults:
                       best_ii: 637
                      best_obj: 297.023
                       best_xx: (3, 224, 224) array [1.42108547152e-14, 1.42108547152e-14, ...]
                          dist: [1.02043931465e-14, 1390.53750613, ..., 4611.17996718, 4610.91640891]
                        idxmax: [(21, 1, 0), (10, 27, 28), ..., (33, 28, 28), (14, 28, 27)]
                            ii: [0, 1, ..., 748, 749]
                         ismax: [False, False, ..., True, False]
                       last_ii: 749
                      last_obj: 198.375
                       last_xx: (3, 224, 224) array [1.42108547152e-14, 1.42108547152e-14, ...]
                   majority_ii: 9
                  majority_obj: 256.808
                   majority_xx: (3, 224, 224) array [0.711858750966, 0.711858750966, ...]
                   meta_result: Metaresult: majority success
                          norm: [20.5668045944, 3228.80102994, ..., 202.023990455, 195.982281326]
                           obj: [32.4641, 0.0, ..., 254.683, 198.375]
                           std: [5.58935924311, 3.93341323888, ..., 0.520708054546, 0.505135804636]
                            x0: (3, 1, 1) array [17.6405234597, 4.00157208367, ...]

