FindParams:
                    blur_every: 0
                   blur_radius: 0
                         decay: 0.3
                     lr_params: {'lr': 100.0}
                     lr_policy: constant
                      max_iter: 750
                  push_channel: 52
                      push_dir: 1
                    push_layer: conv2/3x3_reduce
                  push_spatial: (28, 28)
                     push_unit: (52, 28, 28)
     px_abs_benefit_percentile: 0
         px_benefit_percentile: 0
                     rand_seed: 0
         small_norm_percentile: 20.0
          small_val_percentile: 0
                      start_at: mean_plus_rand


FindResults:
                       best_ii: 334
                      best_obj: 147.678
                       best_xx: (3, 224, 224) array [1.42108547152e-14, 1.42108547152e-14, ...]
                          dist: [1.02043931465e-14, 1392.04489251, ..., 4609.44061011, 4609.48230678]
                        idxmax: [(21, 1, 0), (38, 27, 27), ..., (43, 28, 28), (43, 28, 28)]
                            ii: [0, 1, ..., 748, 749]
                         ismax: [False, False, ..., False, False]
                       last_ii: 749
                      last_obj: 131.054
                       last_xx: (3, 224, 224) array [1.42108547152e-14, 1.42108547152e-14, ...]
                   majority_ii: 396
                  majority_obj: 138.882
                   majority_xx: (3, 224, 224) array [1.42108547152e-14, 1.42108547152e-14, ...]
                   meta_result: Metaresult: majority success
                          norm: [20.5668045944, 3229.09607499, ..., 167.857649451, 168.969954006]
                           obj: [12.5817, 6.31061, ..., 117.595, 131.054]
                           std: [5.58935924311, 3.93528529375, ..., 0.432642760483, 0.435509769506]
                            x0: (3, 1, 1) array [17.6405234597, 4.00157208367, ...]

