FindParams:
                    blur_every: 0
                   blur_radius: 0
                         decay: 0.3
                     lr_params: {'lr': 100.0}
                     lr_policy: constant
                      max_iter: 750
                  push_channel: 11
                      push_dir: 1
                    push_layer: conv2/3x3_reduce
                  push_spatial: (28, 28)
                     push_unit: (11, 28, 28)
     px_abs_benefit_percentile: 0
         px_benefit_percentile: 0
                     rand_seed: 0
         small_norm_percentile: 20.0
          small_val_percentile: 0
                      start_at: mean_plus_rand


FindResults:
                       best_ii: 415
                      best_obj: 116.524
                       best_xx: (3, 224, 224) array [1.42108547152e-14, 1.42108547152e-14, ...]
                          dist: [1.02043931465e-14, 1397.28200003, ..., 4613.44766171, 4611.77386441]
                        idxmax: [(21, 1, 0), (63, 28, 29), ..., (43, 27, 28), (38, 28, 28)]
                            ii: [0, 1, ..., 748, 749]
                         ismax: [False, False, ..., False, False]
                       last_ii: 749
                      last_obj: 76.5833
                       last_xx: (3, 224, 224) array [1.42108547152e-14, 1.42108547152e-14, ...]
                  majority_obj: None
                   majority_xx: None
                   meta_result: Metaresult: majority failure
                          norm: [20.5668045944, 3231.719155, ..., 249.943469812, 217.307799951]
                           obj: [27.9635, 0.0, ..., 0.0, 76.5833]
                           std: [5.58935924311, 3.94907146689, ..., 0.644218397943, 0.560101386793]
                            x0: (3, 1, 1) array [17.6405234597, 4.00157208367, ...]

