FindParams:
                    blur_every: 0
                   blur_radius: 0
                         decay: 0.3
                     lr_params: {'lr': 100.0}
                     lr_policy: constant
                      max_iter: 750
                  push_channel: 4
                      push_dir: 1
                    push_layer: conv2/3x3_reduce
                  push_spatial: (28, 28)
                     push_unit: (4, 28, 28)
     px_abs_benefit_percentile: 0
         px_benefit_percentile: 0
                     rand_seed: 0
         small_norm_percentile: 20.0
          small_val_percentile: 0
                      start_at: mean_plus_rand


FindResults:
                       best_ii: 540
                      best_obj: 80.5236
                       best_xx: (3, 224, 224) array [1.42108547152e-14, 1.42108547152e-14, ...]
                          dist: [1.02043931465e-14, 1388.70897112, ..., 4611.6078142, 4612.34793156]
                        idxmax: [(21, 1, 0), (31, 28, 27), ..., (38, 27, 28), (14, 27, 27)]
                            ii: [0, 1, ..., 748, 749]
                         ismax: [False, False, ..., False, False]
                       last_ii: 749
                      last_obj: 0.0
                       last_xx: (3, 224, 224) array [1.42108547152e-14, 1.42108547152e-14, ...]
                  majority_obj: None
                   majority_xx: None
                   meta_result: Metaresult: majority failure
                          norm: [20.5668045944, 3227.78641743, ..., 213.884739358, 228.8670837]
                           obj: [26.0077, 0.0, ..., 30.7044, 0.0]
                           std: [5.58935924311, 3.92804291321, ..., 0.551278621332, 0.589894965376]
                            x0: (3, 1, 1) array [17.6405234597, 4.00157208367, ...]

