FindParams:
                    blur_every: 0
                   blur_radius: 0
                         decay: 0.3
                     lr_params: {'lr': 100.0}
                     lr_policy: constant
                      max_iter: 750
                  push_channel: 35
                      push_dir: 1
                    push_layer: conv2/3x3_reduce
                  push_spatial: (28, 28)
                     push_unit: (35, 28, 28)
     px_abs_benefit_percentile: 0
         px_benefit_percentile: 0
                     rand_seed: 0
         small_norm_percentile: 20.0
          small_val_percentile: 0
                      start_at: mean_plus_rand


FindResults:
                       best_ii: 581
                      best_obj: 342.674
                       best_xx: (3, 224, 224) array [1.42108547152e-14, 1.42108547152e-14, ...]
                          dist: [1.02043931465e-14, 1386.38725807, ..., 4613.1622706, 4613.16211454]
                        idxmax: [(21, 1, 0), (21, 0, 0), ..., (35, 28, 28), (35, 28, 28)]
                            ii: [0, 1, ..., 748, 749]
                         ismax: [False, False, ..., True, True]
                       last_ii: 749
                      last_obj: 264.192
                       last_xx: (3, 224, 224) array [1.42108547152e-14, 1.42108547152e-14, ...]
                   majority_ii: 3
                  majority_obj: 251.492
                   majority_xx: (3, 224, 224) array [6.05069954667, 6.05069954667, ...]
                   meta_result: Metaresult: majority success
                          norm: [20.5668045944, 3224.99694538, ..., 238.5489034, 238.529645878]
                           obj: [0.0, 27.987, ..., 303.767, 264.192]
                           std: [5.58935924311, 3.91738013867, ..., 0.61484943357, 0.61479979879]
                            x0: (3, 1, 1) array [17.6405234597, 4.00157208367, ...]

