FindParams:
                    blur_every: 0
                   blur_radius: 0
                         decay: 0.3
                     lr_params: {'lr': 100.0}
                     lr_policy: constant
                      max_iter: 750
                  push_channel: 27
                      push_dir: 1
                    push_layer: conv2/3x3_reduce
                  push_spatial: (28, 28)
                     push_unit: (27, 28, 28)
     px_abs_benefit_percentile: 0
         px_benefit_percentile: 0
                     rand_seed: 0
         small_norm_percentile: 20.0
          small_val_percentile: 0
                      start_at: mean_plus_rand


FindResults:
                       best_ii: 389
                      best_obj: 298.263
                       best_xx: (3, 224, 224) array [1.42108547152e-14, 1.42108547152e-14, ...]
                          dist: [1.02043931465e-14, 1389.56807106, ..., 4611.93275585, 4611.88970445]
                        idxmax: [(21, 1, 0), (14, 27, 27), ..., (27, 28, 28), (41, 27, 28)]
                            ii: [0, 1, ..., 748, 749]
                         ismax: [False, False, ..., True, False]
                       last_ii: 749
                      last_obj: 229.341
                       last_xx: (3, 224, 224) array [1.42108547152e-14, 1.42108547152e-14, ...]
                   majority_ii: 4
                  majority_obj: 239.332
                   majority_xx: (3, 224, 224) array [4.23548968267, 4.23548968267, ...]
                   meta_result: Metaresult: majority success
                          norm: [20.5668045944, 3227.39900454, ..., 217.576166338, 216.502950793]
                           obj: [1.43509, 29.4873, ..., 238.51, 229.341]
                           std: [5.58935924311, 3.92646892131, ..., 0.560793104506, 0.558026939909]
                            x0: (3, 1, 1) array [17.6405234597, 4.00157208367, ...]

