FindParams:
                    blur_every: 0
                   blur_radius: 0
                         decay: 0.3
                     lr_params: {'lr': 100.0}
                     lr_policy: constant
                      max_iter: 750
                  push_channel: 40
                      push_dir: 1
                    push_layer: conv2/3x3_reduce
                  push_spatial: (28, 28)
                     push_unit: (40, 28, 28)
     px_abs_benefit_percentile: 0
         px_benefit_percentile: 0
                     rand_seed: 0
         small_norm_percentile: 20.0
          small_val_percentile: 0
                      start_at: mean_plus_rand


FindResults:
                       best_ii: 632
                      best_obj: 173.399
                       best_xx: (3, 224, 224) array [1.42108547152e-14, 1.42108547152e-14, ...]
                          dist: [1.02043931465e-14, 1398.19876786, ..., 4612.78207637, 4613.17324792]
                        idxmax: [(21, 1, 0), (19, 28, 27), ..., (38, 28, 28), (38, 27, 28)]
                            ii: [0, 1, ..., 748, 749]
                         ismax: [False, False, ..., False, False]
                       last_ii: 749
                      last_obj: 8.17573
                       last_xx: (3, 224, 224) array [1.42108547152e-14, 1.42108547152e-14, ...]
                  majority_obj: None
                   majority_xx: None
                   meta_result: Metaresult: majority failure
                          norm: [20.5668045944, 3231.32659774, ..., 234.213720133, 241.896133538]
                           obj: [9.28412, 0.0, ..., 75.9286, 8.17573]
                           std: [5.58935924311, 3.94847286766, ..., 0.603675688628, 0.623476775478]
                            x0: (3, 1, 1) array [17.6405234597, 4.00157208367, ...]

