FindParams:
                    blur_every: 0
                   blur_radius: 0
                         decay: 0.3
                     lr_params: {'lr': 100.0}
                     lr_policy: constant
                      max_iter: 750
                  push_channel: 23
                      push_dir: 1
                    push_layer: conv2/3x3_reduce
                  push_spatial: (28, 28)
                     push_unit: (23, 28, 28)
     px_abs_benefit_percentile: 0
         px_benefit_percentile: 0
                     rand_seed: 0
         small_norm_percentile: 20.0
          small_val_percentile: 0
                      start_at: mean_plus_rand


FindResults:
                       best_ii: 418
                      best_obj: 173.913
                       best_xx: (3, 224, 224) array [1.42108547152e-14, 1.42108547152e-14, ...]
                          dist: [1.02043931465e-14, 1397.29038461, ..., 4610.66460879, 4610.45920613]
                        idxmax: [(21, 1, 0), (45, 28, 29), ..., (10, 28, 28), (23, 28, 28)]
                            ii: [0, 1, ..., 748, 749]
                         ismax: [False, False, ..., False, True]
                       last_ii: 749
                      last_obj: 134.987
                       last_xx: (3, 224, 224) array [1.42108547152e-14, 1.42108547152e-14, ...]
                   majority_ii: 17
                  majority_obj: 154.017
                   majority_xx: (3, 224, 224) array [0.0410372403943, 0.0410372403943, ...]
                   meta_result: Metaresult: majority success
                          norm: [20.5668045944, 3231.60578656, ..., 195.922229485, 190.295691363]
                           obj: [24.2893, 37.0687, ..., 119.413, 134.987]
                           std: [5.58935924311, 3.94887472797, ..., 0.504981003649, 0.490478850772]
                            x0: (3, 1, 1) array [17.6405234597, 4.00157208367, ...]

