FindParams:
                    blur_every: 0
                   blur_radius: 0
                         decay: 0.3
                     lr_params: {'lr': 100.0}
                     lr_policy: constant
                      max_iter: 750
                  push_channel: 26
                      push_dir: 1
                    push_layer: conv2/3x3_reduce
                  push_spatial: (28, 28)
                     push_unit: (26, 28, 28)
     px_abs_benefit_percentile: 0
         px_benefit_percentile: 0
                     rand_seed: 0
         small_norm_percentile: 20.0
          small_val_percentile: 0
                      start_at: mean_plus_rand


FindResults:
                       best_ii: 166
                      best_obj: 191.683
                       best_xx: (3, 224, 224) array [1.42108547152e-14, 1.42108547152e-14, ...]
                          dist: [1.02043931465e-14, 1409.77396811, ..., 4610.63289924, 4610.58882254]
                        idxmax: [(21, 1, 0), (31, 28, 27), ..., (26, 28, 28), (26, 28, 28)]
                            ii: [0, 1, ..., 748, 749]
                         ismax: [False, False, ..., True, True]
                       last_ii: 749
                      last_obj: 141.599
                       last_xx: (3, 224, 224) array [1.42108547152e-14, 1.42108547152e-14, ...]
                   majority_ii: 6
                  majority_obj: 130.112
                   majority_xx: (3, 224, 224) array [2.07538994451, 2.07538994451, ...]
                   meta_result: Metaresult: majority success
                          norm: [20.5668045944, 3236.78290392, ..., 190.599172698, 189.690969589]
                           obj: [6.88228, 64.7875, ..., 166.945, 141.599]
                           std: [5.58935924311, 3.97709684503, ..., 0.491260651217, 0.488919776221]
                            x0: (3, 1, 1) array [17.6405234597, 4.00157208367, ...]

