FindParams:
                    blur_every: 0
                   blur_radius: 0
                         decay: 0.3
                     lr_params: {'lr': 100.0}
                     lr_policy: constant
                      max_iter: 750
                  push_channel: 0
                      push_dir: 1
                    push_layer: conv2/3x3_reduce
                  push_spatial: (28, 28)
                     push_unit: (0, 28, 28)
     px_abs_benefit_percentile: 0
         px_benefit_percentile: 0
                     rand_seed: 0
         small_norm_percentile: 20.0
          small_val_percentile: 0
                      start_at: mean_plus_rand


FindResults:
                       best_ii: 361
                      best_obj: 151.99
                       best_xx: (3, 224, 224) array [1.42108547152e-14, 1.42108547152e-14, ...]
                          dist: [1.02043931465e-14, 1392.88341746, ..., 4610.94968536, 4610.95029938]
                        idxmax: [(21, 1, 0), (21, 28, 29), ..., (14, 28, 28), (14, 28, 28)]
                            ii: [0, 1, ..., 748, 749]
                         ismax: [False, False, ..., False, False]
                       last_ii: 749
                      last_obj: 137.802
                       last_xx: (3, 224, 224) array [1.42108547152e-14, 1.42108547152e-14, ...]
                   majority_ii: 70
                  majority_obj: 136.757
                   majority_xx: (3, 224, 224) array [2.53152165897e-10, 2.53152165897e-10, ...]
                   meta_result: Metaresult: majority success
                          norm: [20.5668045944, 3228.71391593, ..., 174.914922953, 175.133833924]
                           obj: [0.0, 2.43553, ..., 144.68, 137.802]
                           std: [5.58935924311, 3.93530986833, ..., 0.450833332642, 0.451397647736]
                            x0: (3, 1, 1) array [17.6405234597, 4.00157208367, ...]

