FindParams:
                    blur_every: 0
                   blur_radius: 0
                         decay: 0.3
                     lr_params: {'lr': 100.0}
                     lr_policy: constant
                      max_iter: 750
                  push_channel: 7
                      push_dir: 1
                    push_layer: conv2/3x3_reduce
                  push_spatial: (28, 28)
                     push_unit: (7, 28, 28)
     px_abs_benefit_percentile: 0
         px_benefit_percentile: 0
                     rand_seed: 0
         small_norm_percentile: 20.0
          small_val_percentile: 0
                      start_at: mean_plus_rand


FindResults:
                       best_ii: 255
                      best_obj: 195.976
                       best_xx: (3, 224, 224) array [1.42108547152e-14, 1.42108547152e-14, ...]
                          dist: [1.02043931465e-14, 1386.88405569, ..., 4611.71806487, 4611.30654787]
                        idxmax: [(21, 1, 0), (21, 0, 0), ..., (7, 28, 28), (37, 28, 27)]
                            ii: [0, 1, ..., 748, 749]
                         ismax: [False, False, ..., True, False]
                       last_ii: 749
                      last_obj: 182.878
                       last_xx: (3, 224, 224) array [1.42108547152e-14, 1.42108547152e-14, ...]
                   majority_ii: 6
                  majority_obj: 163.569
                   majority_xx: (3, 224, 224) array [2.07538994451, 2.07538994451, ...]
                   meta_result: Metaresult: majority success
                          norm: [20.5668045944, 3224.84504254, ..., 171.466759997, 169.294495151]
                           obj: [0.0, 4.07399, ..., 185.311, 182.878]
                           std: [5.58935924311, 3.91718629791, ..., 0.441947957598, 0.436349046635]
                            x0: (3, 1, 1) array [17.6405234597, 4.00157208367, ...]

