FindParams:
                    blur_every: 0
                   blur_radius: 0
                         decay: 0.3
                     lr_params: {'lr': 100.0}
                     lr_policy: constant
                      max_iter: 750
                  push_channel: 51
                      push_dir: 1
                    push_layer: conv2/3x3_reduce
                  push_spatial: (28, 28)
                     push_unit: (51, 28, 28)
     px_abs_benefit_percentile: 0
         px_benefit_percentile: 0
                     rand_seed: 0
         small_norm_percentile: 20.0
          small_val_percentile: 0
                      start_at: mean_plus_rand


FindResults:
                       best_ii: 82
                      best_obj: 236.467
                       best_xx: (3, 224, 224) array [3.49587025994e-12, 3.49587025994e-12, ...]
                          dist: [1.02043931465e-14, 1386.75354639, ..., 4611.51641855, 4611.8167647]
                        idxmax: [(21, 1, 0), (45, 29, 28), ..., (14, 28, 27), (14, 28, 27)]
                            ii: [0, 1, ..., 748, 749]
                         ismax: [False, False, ..., False, False]
                       last_ii: 749
                      last_obj: 147.542
                       last_xx: (3, 224, 224) array [1.42108547152e-14, 1.42108547152e-14, ...]
                   majority_ii: 52
                  majority_obj: 216.779
                   majority_xx: (3, 224, 224) array [1.55456746143e-07, 1.55456746143e-07, ...]
                   meta_result: Metaresult: majority success
                          norm: [20.5668045944, 3226.49027627, ..., 204.257456286, 210.610503305]
                           obj: [12.2448, 0.0, ..., 207.744, 147.542]
                           std: [5.58935924311, 3.92232810733, ..., 0.526464626869, 0.542839322908]
                            x0: (3, 1, 1) array [17.6405234597, 4.00157208367, ...]

