FindParams:
                    blur_every: 0
                   blur_radius: 0
                         decay: 0.3
                     lr_params: {'lr': 100.0}
                     lr_policy: constant
                      max_iter: 750
                  push_channel: 34
                      push_dir: 1
                    push_layer: conv2/3x3_reduce
                  push_spatial: (28, 28)
                     push_unit: (34, 28, 28)
     px_abs_benefit_percentile: 0
         px_benefit_percentile: 0
                     rand_seed: 0
         small_norm_percentile: 20.0
          small_val_percentile: 0
                      start_at: mean_plus_rand


FindResults:
                       best_ii: 148
                      best_obj: 201.481
                       best_xx: (3, 224, 224) array [1.42108547152e-14, 1.42108547152e-14, ...]
                          dist: [1.02043931465e-14, 1387.39591839, ..., 4610.7000682, 4610.4729881]
                        idxmax: [(21, 1, 0), (21, 0, 0), ..., (10, 27, 28), (34, 28, 28)]
                            ii: [0, 1, ..., 748, 749]
                         ismax: [False, False, ..., False, True]
                       last_ii: 749
                      last_obj: 177.56
                       last_xx: (3, 224, 224) array [1.42108547152e-14, 1.42108547152e-14, ...]
                   majority_ii: 13
                  majority_obj: 189.969
                   majority_xx: (3, 224, 224) array [0.170917286107, 0.170917286107, ...]
                   meta_result: Metaresult: majority success
                          norm: [20.5668045944, 3226.53194279, ..., 186.083275154, 179.895730932]
                           obj: [0.25931, 18.0235, ..., 178.069, 177.56]
                           std: [5.58935924311, 3.92266317341, ..., 0.479621554243, 0.463673430023]
                            x0: (3, 1, 1) array [17.6405234597, 4.00157208367, ...]

