FindParams:
                    blur_every: 0
                   blur_radius: 0
                         decay: 0.3
                     lr_params: {'lr': 100.0}
                     lr_policy: constant
                      max_iter: 750
                  push_channel: 36
                      push_dir: 1
                    push_layer: conv2/3x3_reduce
                  push_spatial: (28, 28)
                     push_unit: (36, 28, 28)
     px_abs_benefit_percentile: 0
         px_benefit_percentile: 0
                     rand_seed: 0
         small_norm_percentile: 20.0
          small_val_percentile: 0
                      start_at: mean_plus_rand


FindResults:
                       best_ii: 640
                      best_obj: 158.285
                       best_xx: (3, 224, 224) array [1.42108547152e-14, 1.42108547152e-14, ...]
                          dist: [1.02043931465e-14, 1384.52997081, ..., 4610.13163642, 4610.87589963]
                        idxmax: [(21, 1, 0), (21, 0, 0), ..., (37, 28, 29), (13, 27, 27)]
                            ii: [0, 1, ..., 748, 749]
                         ismax: [False, False, ..., False, False]
                       last_ii: 749
                      last_obj: 99.6278
                       last_xx: (3, 224, 224) array [1.42108547152e-14, 1.42108547152e-14, ...]
                   majority_ii: 25
                  majority_obj: 139.296
                   majority_xx: (3, 224, 224) array [0.00236571524462, 0.00236571524462, ...]
                   meta_result: Metaresult: majority success
                          norm: [20.5668045944, 3225.31523519, ..., 182.38939583, 201.288384173]
                           obj: [3.36986, 4.4994, ..., 141.535, 99.6278]
                           std: [5.58935924311, 3.91679998676, ..., 0.470100689288, 0.518812003568]
                            x0: (3, 1, 1) array [17.6405234597, 4.00157208367, ...]

