FindParams:
                    blur_every: 0
                   blur_radius: 0
                         decay: 0.3
                     lr_params: {'lr': 100.0}
                     lr_policy: constant
                      max_iter: 750
                  push_channel: 46
                      push_dir: 1
                    push_layer: conv2/3x3_reduce
                  push_spatial: (28, 28)
                     push_unit: (46, 28, 28)
     px_abs_benefit_percentile: 0
         px_benefit_percentile: 0
                     rand_seed: 0
         small_norm_percentile: 20.0
          small_val_percentile: 0
                      start_at: mean_plus_rand


FindResults:
                       best_ii: 474
                      best_obj: 272.99
                       best_xx: (3, 224, 224) array [1.42108547152e-14, 1.42108547152e-14, ...]
                          dist: [1.02043931465e-14, 1399.96900694, ..., 4613.24750186, 4612.83412293]
                        idxmax: [(21, 1, 0), (21, 28, 29), ..., (38, 28, 28), (14, 27, 28)]
                            ii: [0, 1, ..., 748, 749]
                         ismax: [False, False, ..., False, False]
                       last_ii: 749
                      last_obj: 139.121
                       last_xx: (3, 224, 224) array [1.42108547152e-14, 1.42108547152e-14, ...]
                   majority_ii: 399
                  majority_obj: 249.57
                   majority_xx: (3, 224, 224) array [1.42108547152e-14, 1.42108547152e-14, ...]
                   meta_result: Metaresult: majority success
                          norm: [20.5668045944, 3232.44670867, ..., 241.22075999, 233.565546311]
                           obj: [13.0566, 0.0, ..., 159.908, 139.121]
                           std: [5.58935924311, 3.95411420713, ..., 0.621736029788, 0.602005049237]
                            x0: (3, 1, 1) array [17.6405234597, 4.00157208367, ...]

