FindParams:
                    blur_every: 0
                   blur_radius: 0
                         decay: 0.3
                     lr_params: {'lr': 100.0}
                     lr_policy: constant
                      max_iter: 750
                  push_channel: 29
                      push_dir: 1
                    push_layer: conv2/3x3_reduce
                  push_spatial: (28, 28)
                     push_unit: (29, 28, 28)
     px_abs_benefit_percentile: 0
         px_benefit_percentile: 0
                     rand_seed: 0
         small_norm_percentile: 20.0
          small_val_percentile: 0
                      start_at: mean_plus_rand


FindResults:
                       best_ii: 133
                      best_obj: 138.034
                       best_xx: (3, 224, 224) array [1.42108547152e-14, 1.42108547152e-14, ...]
                          dist: [1.02043931465e-14, 1398.28781755, ..., 4613.26130849, 4615.30815802]
                        idxmax: [(21, 1, 0), (21, 28, 29), ..., (14, 28, 27), (14, 27, 28)]
                            ii: [0, 1, ..., 748, 749]
                         ismax: [False, False, ..., False, False]
                       last_ii: 749
                      last_obj: 0.0
                       last_xx: (3, 224, 224) array [1.42108547152e-14, 1.42108547152e-14, ...]
                  majority_obj: None
                   majority_xx: None
                   meta_result: Metaresult: majority failure
                          norm: [20.5668045944, 3231.93629273, ..., 244.923106147, 280.965408169]
                           obj: [27.8175, 0.0, ..., 0.0, 0.0]
                           std: [5.58935924311, 3.95038696695, ..., 0.631278661877, 0.724176123207]
                            x0: (3, 1, 1) array [17.6405234597, 4.00157208367, ...]

