FindParams:
                    blur_every: 0
                   blur_radius: 0
                         decay: 0.3
                     lr_params: {'lr': 100.0}
                     lr_policy: constant
                      max_iter: 750
                  push_channel: 30
                      push_dir: 1
                    push_layer: conv2/3x3_reduce
                  push_spatial: (28, 28)
                     push_unit: (30, 28, 28)
     px_abs_benefit_percentile: 0
         px_benefit_percentile: 0
                     rand_seed: 0
         small_norm_percentile: 20.0
          small_val_percentile: 0
                      start_at: mean_plus_rand


FindResults:
                       best_ii: 254
                      best_obj: 186.283
                       best_xx: (3, 224, 224) array [1.42108547152e-14, 1.42108547152e-14, ...]
                          dist: [1.02043931465e-14, 1399.98548725, ..., 4612.41218288, 4611.04739597]
                        idxmax: [(21, 1, 0), (45, 29, 28), ..., (38, 27, 27), (38, 27, 27)]
                            ii: [0, 1, ..., 748, 749]
                         ismax: [False, False, ..., False, False]
                       last_ii: 749
                      last_obj: 158.521
                       last_xx: (3, 224, 224) array [1.42108547152e-14, 1.42108547152e-14, ...]
                  majority_obj: None
                   majority_xx: None
                   meta_result: Metaresult: majority failure
                          norm: [20.5668045944, 3232.32864645, ..., 218.431073409, 187.94432824]
                           obj: [0.0, 9.14347, ..., 8.65093, 158.521]
                           std: [5.58935924311, 3.95326171414, ..., 0.562996245618, 0.484417963341]
                            x0: (3, 1, 1) array [17.6405234597, 4.00157208367, ...]

