FindParams:
                    blur_every: 0
                   blur_radius: 0
                         decay: 0.3
                     lr_params: {'lr': 100.0}
                     lr_policy: constant
                      max_iter: 750
                  push_channel: 44
                      push_dir: 1
                    push_layer: conv2/3x3_reduce
                  push_spatial: (28, 28)
                     push_unit: (44, 28, 28)
     px_abs_benefit_percentile: 0
         px_benefit_percentile: 0
                     rand_seed: 0
         small_norm_percentile: 20.0
          small_val_percentile: 0
                      start_at: mean_plus_rand


FindResults:
                       best_ii: 705
                      best_obj: 164.588
                       best_xx: (3, 224, 224) array [1.42108547152e-14, 1.42108547152e-14, ...]
                          dist: [1.02043931465e-14, 1407.52546311, ..., 4613.02040991, 4613.3285817]
                        idxmax: [(21, 1, 0), (38, 28, 27), ..., (43, 28, 28), (43, 28, 28)]
                            ii: [0, 1, ..., 748, 749]
                         ismax: [False, False, ..., False, False]
                       last_ii: 749
                      last_obj: 0.0
                       last_xx: (3, 224, 224) array [1.42108547152e-14, 1.42108547152e-14, ...]
                  majority_obj: None
                   majority_xx: None
                   meta_result: Metaresult: majority failure
                          norm: [20.5668045944, 3235.93594141, ..., 238.370045112, 244.033468131]
                           obj: [20.1398, 0.0, ..., 89.1979, 0.0]
                           std: [5.58935924311, 3.9716312655, ..., 0.614388436212, 0.628985662961]
                            x0: (3, 1, 1) array [17.6405234597, 4.00157208367, ...]

